1800,1,472.809021,636.785339,0,0,1,1,1.000000
1805,1,464.881989,628.942322,0,0,1,1,1.000000
1810,1,464.326599,624.838135,0,0,1,1,1.000000
1815,1,460.38913,629.378235,0,0,1,1,1.000000
1820,1,452.738617,637.010864,0,0,1,1,1.000000
1825,1,445.056366,637.552063,0,0,1,1,1.000000
1830,1,436.78006,637.448853,0,0,1,1,1.000000
1835,1,432.651947,637.208435,0,0,1,1,1.000000
1840,1,425.571442,648.409302,0,0,1,1,1.000000
1845,1,417.047058,653.141113,0,0,1,1,1.000000
1850,1,409.451782,669.619934,0,0,1,1,1.000000
1855,1,396.951447,684.355713,0,0,1,1,1.000000
1860,1,389.133667,700.794495,0,0,1,1,1.000000
1865,1,381.44632,712.340759,0,0,1,1,1.000000
1870,1,368.503906,732.530701,0,0,1,1,1.000000
1875,1,353.173676,748.629944,0,0,1,1,1.000000
1880,1,333.004791,756.41626,0,0,1,1,1.000000
1885,1,312.347534,765.103821,0,0,1,1,1.000000
1890,1,285.295044,760.631531,0,0,1,1,1.000000
1905,1,354.016113,846.561096,0,0,1,1,1.000000
1910,1,353.507843,850.615601,0,0,1,1,1.000000
1915,1,356.360992,848.829346,0,0,1,1,1.000000
1920,1,356.58609,848.902283,0,0,1,1,1.000000
1925,1,353.379364,856.225403,0,0,1,1,1.000000
1930,1,356.30127,849.125122,0,0,1,1,1.000000
1935,1,381.747467,865.115845,0,0,1,1,1.000000
1940,1,478.046844,890.100037,0,0,1,1,1.000000
1945,1,444.253906,893.432739,0,0,1,1,1.000000
1950,1,425.312836,908.743958,0,0,1,1,1.000000
1955,1,413.340912,928.64624,0,0,1,1,1.000000
1960,1,432.47821,944.932434,0,0,1,1,1.000000
1965,1,408.468933,992.936157,0,0,1,1,1.000000
1970,1,424.614746,997.699097,0,0,1,1,1.000000
1975,1,413.410767,1024.603394,0,0,1,1,1.000000
1980,1,405.090607,1048.414917,0,0,1,1,1.000000
1985,1,396.271637,1077.10144,0,0,1,1,1.000000
1995,1,337.289307,1129.905884,0,0,1,1,1.000000
1800,2,284.900482,532.808228,0,0,1,1,1.000000
1805,2,284.224792,532.930359,0,0,1,1,1.000000
1810,2,284.403992,533.126465,0,0,1,1,1.000000
1815,2,284.727448,533.097778,0,0,1,1,1.000000
1820,2,285.278259,533.106079,0,0,1,1,1.000000
1825,2,285.304962,532.528015,0,0,1,1,1.000000
1830,2,285.632599,528.708862,0,0,1,1,1.000000
1835,2,285.612793,528.744019,0,0,1,1,1.000000
1840,2,288.362457,528.404907,0,0,1,1,1.000000
1845,2,288.476654,528.450195,0,0,1,1,1.000000
1850,2,288.607941,528.55542,0,0,1,1,1.000000
1855,2,288.556183,528.667969,0,0,1,1,1.000000
1860,2,288.500519,528.617676,0,0,1,1,1.000000
1865,2,285.717224,528.781189,0,0,1,1,1.000000
1870,2,288.585083,528.365967,0,0,1,1,1.000000
1875,2,288.517212,528.442688,0,0,1,1,1.000000
1880,2,288.596191,528.39978,0,0,1,1,1.000000
1885,2,288.608948,528.35083,0,0,1,1,1.000000
1890,2,288.879395,528.621887,0,0,1,1,1.000000
1895,2,288.620422,528.677124,0,0,1,1,1.000000
1900,2,288.760498,528.60791,0,0,1,1,1.000000
1905,2,288.186066,528.463928,0,0,1,1,1.000000
1910,2,288.509766,528.654846,0,0,1,1,1.000000
1915,2,288.471405,528.655579,0,0,1,1,1.000000
1920,2,288.327667,532.558105,0,0,1,1,1.000000
1925,2,285.607697,528.9198,0,0,1,1,1.000000
1930,2,284.979034,528.895935,0,0,1,1,1.000000
1935,2,285.717651,528.636292,0,0,1,1,1.000000
1940,2,288.249847,528.163574,0,0,1,1,1.000000
1945,2,288.214996,528.429077,0,0,1,1,1.000000
1950,2,285.858826,529.000549,0,0,1,1,1.000000
1955,2,285.952972,528.792175,0,0,1,1,1.000000
1960,2,288.48526,528.462952,0,0,1,1,1.000000
1965,2,288.568726,528.804443,0,0,1,1,1.000000
1970,2,288.426117,528.605286,0,0,1,1,1.000000
1975,2,285.019501,532.439941,0,0,1,1,1.000000
1980,2,288.457764,528.529419,0,0,1,1,1.000000
1985,2,288.612183,528.642273,0,0,1,1,1.000000
1990,2,288.637817,528.952576,0,0,1,1,1.000000
1995,2,288.818512,529.129822,0,0,1,1,1.000000
1800,3,440.653778,604.983643,0,0,1,1,1.000000
1805,3,432.255402,613.457886,0,0,1,1,1.000000
1810,3,424.485718,620.829895,0,0,1,1,1.000000
1815,3,420.770172,632.680908,0,0,1,1,1.000000
1820,3,416.089722,640.269531,0,0,1,1,1.000000
1825,3,408.533325,645.125,0,0,1,1,1.000000
1830,3,405.138977,648.683472,0,0,1,1,1.000000
1835,3,400.764191,656.506409,0,0,1,1,1.000000
1840,3,396.932098,660.982544,0,0,1,1,1.000000
1845,3,388.514465,661.323792,0,0,1,1,1.000000
1850,3,384.093323,669.313782,0,0,1,1,1.000000
1855,3,376.36438,677.236877,0,0,1,1,1.000000
1860,3,364.862457,692.982849,0,0,1,1,1.000000
1865,3,349.365967,704.784973,0,0,1,1,1.000000
1870,3,337.204498,717.282654,0,0,1,1,1.000000
1875,3,329.011871,725.126099,0,0,1,1,1.000000
1880,3,309.499634,736.234436,0,0,1,1,1.000000
1885,3,292.733032,736.460266,0,0,1,1,1.000000
1890,3,269.788849,728.62677,0,0,1,1,1.000000
1895,3,256.420349,748.892273,0,0,1,1,1.000000
1900,3,229.608871,732.877258,0,0,1,1,1.000000
1905,3,208.737473,713.254089,0,0,1,1,1.000000
1910,3,192.604614,689.291504,0,0,1,1,1.000000
1800,4,261.478333,500.841217,0,0,1,1,1.000000
1805,4,261.332214,500.961121,0,0,1,1,1.000000
1810,4,261.15451,501.082611,0,0,1,1,1.000000
1815,4,260.741119,501.059631,0,0,1,1,1.000000
1820,4,261.288788,501.085663,0,0,1,1,1.000000
1825,4,261.023132,501.14624,0,0,1,1,1.000000
1830,4,261.112244,501.019714,0,0,1,1,1.000000
1835,4,260.920624,501.079498,0,0,1,1,1.000000
1840,4,261.262756,501.11972,0,0,1,1,1.000000
1845,4,261.491089,501.033966,0,0,1,1,1.000000
1850,4,261.119934,501.300262,0,0,1,1,1.000000
1855,4,260.283142,501.05368,0,0,1,1,1.000000
1860,4,259.981537,500.982056,0,0,1,1,1.000000
1865,4,268.327942,500.806946,0,0,1,1,1.000000
1870,4,276.548157,496.309296,0,0,1,1,1.000000
1875,4,276.805542,496.576538,0,0,1,1,1.000000
1880,4,272.488007,493.233673,0,0,1,1,1.000000
1885,4,264.105713,495.714935,0,0,1,1,1.000000
1890,4,256.828979,496.677734,0,0,1,1,1.000000
1895,4,264.820923,569.150391,0,0,1,1,1.000000
1900,4,264.562897,568.732422,0,0,1,1,1.000000
1905,4,301.184418,568.498901,0,0,1,1,1.000000
1915,4,264.528687,568.787476,0,0,1,1,1.000000
1920,4,261.714325,568.598083,0,0,1,1,1.000000
1925,4,265.059692,568.444763,0,0,1,1,1.000000
1930,4,265.708832,568.93219,0,0,1,1,1.000000
1935,4,265.127747,569.335449,0,0,1,1,1.000000
1940,4,264.849335,568.556396,0,0,1,1,1.000000
1945,4,264.459747,568.57135,0,0,1,1,1.000000
1950,4,424.662811,577.080505,0,0,1,1,1.000000
1955,4,424.144867,573.61377,0,0,1,1,1.000000
1960,4,416.78418,565.625916,0,0,1,1,1.000000
1965,4,408.307861,557.397766,0,0,1,1,1.000000
1970,4,389.614014,537.028809,0,0,1,1,1.000000
1975,4,376.052551,517.073914,0,0,1,1,1.000000
1980,4,360.151642,488.698975,0,0,1,1,1.000000
1985,4,344.219421,464.831604,0,0,1,1,1.000000
1990,4,328.647339,440.691376,0,0,1,1,1.000000
1995,4,317.271301,413.076721,0,0,1,1,1.000000
1800,5,276.369415,669.21936,0,0,1,1,1.000000
1805,5,277.319183,664.776611,0,0,1,1,1.000000
1810,5,276.795288,668.757507,0,0,1,1,1.000000
1815,5,276.914337,668.727478,0,0,1,1,1.000000
1820,5,276.816437,668.753906,0,0,1,1,1.000000
1825,5,277.485291,664.714905,0,0,1,1,1.000000
1830,5,276.981873,668.466797,0,0,1,1,1.000000
1835,5,276.961151,668.395691,0,0,1,1,1.000000
1840,5,276.8815,668.554932,0,0,1,1,1.000000
1845,5,276.794281,668.790161,0,0,1,1,1.000000
1850,5,276.976624,668.669617,0,0,1,1,1.000000
1855,5,276.988373,668.900085,0,0,1,1,1.000000
1860,5,277.029907,668.598145,0,0,1,1,1.000000
1865,5,277.03772,668.423706,0,0,1,1,1.000000
1870,5,276.92041,668.724426,0,0,1,1,1.000000
1875,5,276.880554,668.814026,0,0,1,1,1.000000
1880,5,276.79422,668.906372,0,0,1,1,1.000000
1885,5,276.489929,668.981812,0,0,1,1,1.000000
1890,5,276.92923,668.537109,0,0,1,1,1.000000
1895,5,277.02356,668.369446,0,0,1,1,1.000000
1900,5,277.071198,668.47699,0,0,1,1,1.000000
1905,5,277.29715,669.220581,0,0,1,1,1.000000
1910,5,277.450867,673.235535,0,0,1,1,1.000000
1915,5,277.001221,668.833557,0,0,1,1,1.000000
1920,5,277.307526,668.805237,0,0,1,1,1.000000
1925,5,277.332672,668.624878,0,0,1,1,1.000000
1930,5,277.137817,668.592651,0,0,1,1,1.000000
1935,5,276.919769,669.048889,0,0,1,1,1.000000
1940,5,276.819061,668.729126,0,0,1,1,1.000000
1945,5,280.199158,669.067322,0,0,1,1,1.000000
1950,5,276.40799,669.053711,0,0,1,1,1.000000
1955,5,277.013428,669.145691,0,0,1,1,1.000000
1960,5,277.002625,668.760559,0,0,1,1,1.000000
1965,5,276.934601,668.840393,0,0,1,1,1.000000
1970,5,276.844696,668.918335,0,0,1,1,1.000000
1975,5,276.850067,668.84314,0,0,1,1,1.000000
1980,5,277.026855,668.722961,0,0,1,1,1.000000
1985,5,276.985199,668.255737,0,0,1,1,1.000000
1990,5,277.102112,668.682434,0,0,1,1,1.000000
1995,5,273.159668,668.891052,0,0,1,1,1.000000
1800,6,240.537506,533.243347,0,0,1,1,1.000000
1805,6,240.601562,533.402039,0,0,1,1,1.000000
1810,6,240.692535,533.417847,0,0,1,1,1.000000
1815,6,240.140701,535.806824,0,0,1,1,1.000000
1820,6,240.624832,536.127014,0,0,1,1,1.000000
1825,6,240.691513,536.051636,0,0,1,1,1.000000
1830,6,240.773773,533.232788,0,0,1,1,1.000000
1835,6,241.526215,533.222229,0,0,1,1,1.000000
1840,6,240.796112,533.053894,0,0,1,1,1.000000
1845,6,240.673828,533.540955,0,0,1,1,1.000000
1850,6,240.58255,533.274902,0,0,1,1,1.000000
1855,6,240.758606,533.266724,0,0,1,1,1.000000
1860,6,240.605576,533.348633,0,0,1,1,1.000000
1865,6,241.343124,533.02179,0,0,1,1,1.000000
1870,6,241.585007,533.652893,0,0,1,1,1.000000
1875,6,241.375702,533.516174,0,0,1,1,1.000000
1880,6,241.027802,536.35553,0,0,1,1,1.000000
1885,6,240.551682,533.431458,0,0,1,1,1.000000
1890,6,240.782181,532.80658,0,0,1,1,1.000000
1895,6,240.601837,533.51416,0,0,1,1,1.000000
1900,6,241.283142,533.196472,0,0,1,1,1.000000
1905,6,241.440582,534.020874,0,0,1,1,1.000000
1910,6,240.868103,533.034241,0,0,1,1,1.000000
1915,6,240.981781,533.371155,0,0,1,1,1.000000
1920,6,241.534485,533.54248,0,0,1,1,1.000000
1925,6,240.68779,532.880127,0,0,1,1,1.000000
1930,6,244.170639,536.193787,0,0,1,1,1.000000
1935,6,244.85022,536.560791,0,0,1,1,1.000000
1940,6,240.815979,536.046265,0,0,1,1,1.000000
1945,6,240.728485,533.365356,0,0,1,1,1.000000
1950,6,241.115891,533.389343,0,0,1,1,1.000000
1955,6,241.59317,536.150635,0,0,1,1,1.000000
1960,6,241.280273,533.091553,0,0,1,1,1.000000
1965,6,240.791779,533.2724,0,0,1,1,1.000000
1970,6,240.860565,533.45697,0,0,1,1,1.000000
1975,6,240.671356,533.285156,0,0,1,1,1.000000
1980,6,240.706039,533.024597,0,0,1,1,1.000000
1985,6,241.227997,535.964966,0,0,1,1,1.000000
1990,6,240.531952,533.491028,0,0,1,1,1.000000
1995,6,240.325668,535.879395,0,0,1,1,1.000000
1800,7,301.624115,569.047058,0,0,1,1,1.000000
1805,7,301.606262,568.93866,0,0,1,1,1.000000
1810,7,301.682495,568.907043,0,0,1,1,1.000000
1815,7,301.627808,568.949158,0,0,1,1,1.000000
1820,7,301.66803,568.964172,0,0,1,1,1.000000
1825,7,301.453796,568.808472,0,0,1,1,1.000000
1830,7,301.557587,568.934814,0,0,1,1,1.000000
1835,7,301.697418,568.864075,0,0,1,1,1.000000
1840,7,301.571198,568.699829,0,0,1,1,1.000000
1845,7,301.332794,568.556946,0,0,1,1,1.000000
1850,7,301.656342,568.686218,0,0,1,1,1.000000
1855,7,301.694611,568.928223,0,0,1,1,1.000000
1860,7,301.540955,568.82605,0,0,1,1,1.000000
1865,7,301.749756,568.923096,0,0,1,1,1.000000
1870,7,301.501556,568.495544,0,0,1,1,1.000000
1875,7,301.407959,568.595154,0,0,1,1,1.000000
1880,7,301.265045,568.555786,0,0,1,1,1.000000
1885,7,301.16095,568.420227,0,0,1,1,1.000000
1890,7,301.311829,568.544373,0,0,1,1,1.000000
1895,7,300.987274,568.42572,0,0,1,1,1.000000
1900,7,301.412109,568.46106,0,0,1,1,1.000000
1910,7,301.071533,568.708679,0,0,1,1,1.000000
1915,7,304.275543,573.295105,0,0,1,1,1.000000
1920,7,301.273895,568.743042,0,0,1,1,1.000000
1925,7,301.650482,568.986633,0,0,1,1,1.000000
1930,7,301.270935,568.532654,0,0,1,1,1.000000
1935,7,301.411774,568.57312,0,0,1,1,1.000000
1940,7,301.467957,568.584351,0,0,1,1,1.000000
1945,7,301.109772,568.492859,0,0,1,1,1.000000
1950,7,301.216217,568.508728,0,0,1,1,1.000000
1955,7,301.588379,568.662598,0,0,1,1,1.000000
1960,7,301.224426,568.495911,0,0,1,1,1.000000
1965,7,301.548431,568.617676,0,0,1,1,1.000000
1970,7,300.813446,572.554199,0,0,1,1,1.000000
1975,7,301.209076,568.516479,0,0,1,1,1.000000
1980,7,301.266388,568.489014,0,0,1,1,1.000000
1985,7,301.771545,569.068237,0,0,1,1,1.000000
1990,7,301.444855,568.634888,0,0,1,1,1.000000
1995,7,301.439758,568.464111,0,0,1,1,1.000000
1800,8,292.633667,1109.425293,0,0,1,1,1.000000
1805,8,272.603363,1140.838623,0,0,1,1,1.000000
1810,8,257.156769,1172.899414,0,0,1,1,1.000000
1815,8,240.068771,1204.897461,0,0,1,1,1.000000
1820,8,221.518021,1236.593384,0,0,1,1,1.000000
1830,8,189.402298,1296.749878,0,0,1,1,1.000000
1800,9,264.48233,568.568604,0,0,1,1,1.000000
1805,9,264.456085,568.72345,0,0,1,1,1.000000
1810,9,264.513092,568.593567,0,0,1,1,1.000000
1815,9,264.456268,568.729858,0,0,1,1,1.000000
1820,9,261.851868,569.046448,0,0,1,1,1.000000
1825,9,261.950806,569.132385,0,0,1,1,1.000000
1830,9,261.794434,568.916199,0,0,1,1,1.000000
1835,9,261.774323,568.804993,0,0,1,1,1.000000
1840,9,261.704468,568.668335,0,0,1,1,1.000000
1845,9,261.768341,568.675598,0,0,1,1,1.000000
1850,9,261.820801,569.132751,0,0,1,1,1.000000
1855,9,264.431488,568.383484,0,0,1,1,1.000000
1860,9,264.697968,568.685303,0,0,1,1,1.000000
1865,9,264.792755,568.653503,0,0,1,1,1.000000
1870,9,265.057892,565.238525,0,0,1,1,1.000000
1875,9,265.411194,568.195862,0,0,1,1,1.000000
1880,9,265.04657,568.634827,0,0,1,1,1.000000
1885,9,264.751404,568.86261,0,0,1,1,1.000000
1890,9,265.147156,572.926453,0,0,1,1,1.000000
1895,9,253.691177,713.086487,0,0,1,1,1.000000
1900,9,237.580704,697.1698,0,0,1,1,1.000000
1905,9,216.690659,677.003174,0,0,1,1,1.000000
1910,9,200.327484,653.122375,0,0,1,1,1.000000
1915,9,189.431046,632.782104,0,0,1,1,1.000000
1920,9,180.499191,605.483215,0,0,1,1,1.000000
1925,9,172.666748,581.28772,0,0,1,1,1.000000
1930,9,165.26535,549.453369,0,0,1,1,1.000000
1935,9,160.604645,525.172302,0,0,1,1,1.000000
1940,9,152.560364,501.916351,0,0,1,1,1.000000
1945,9,144.378036,468.982605,0,0,1,1,1.000000
1950,9,112.112305,464.334595,0,0,1,1,1.000000
1955,9,101.273209,437.042084,0,0,1,1,1.000000
1960,9,93.332893,408.781158,0,0,1,1,1.000000
1965,9,92.965767,376.675079,0,0,1,1,1.000000
1970,9,88.116867,349.212921,0,0,1,1,1.000000
1975,9,89.031517,317.170532,0,0,1,1,1.000000
1980,9,84.577759,281.137299,0,0,1,1,1.000000
1985,9,81.434906,253.029129,0,0,1,1,1.000000
1990,9,76.689011,221.284729,0,0,1,1,1.000000
1995,9,69.026184,200.652481,0,0,1,1,1.000000
1800,10,309.618286,665.136597,0,0,1,1,1.000000
1805,10,309.446075,669.321289,0,0,1,1,1.000000
1810,10,308.567535,668.981873,0,0,1,1,1.000000
1815,10,305.658295,668.226746,0,0,1,1,1.000000
1820,10,305.449707,668.647888,0,0,1,1,1.000000
1825,10,308.726501,664.912048,0,0,1,1,1.000000
1830,10,309.450226,664.797974,0,0,1,1,1.000000
1835,10,309.783936,664.993164,0,0,1,1,1.000000
1840,10,308.638336,665.199402,0,0,1,1,1.000000
1845,10,308.137756,668.997009,0,0,1,1,1.000000
1850,10,307.997437,668.622131,0,0,1,1,1.000000
1855,10,308.585083,665.027954,0,0,1,1,1.000000
1860,10,308.580109,665.126953,0,0,1,1,1.000000
1865,10,305.523438,668.428223,0,0,1,1,1.000000
1870,10,308.531403,664.912231,0,0,1,1,1.000000
1875,10,308.064087,668.59491,0,0,1,1,1.000000
1880,10,305.250641,668.813354,0,0,1,1,1.000000
1885,10,308.506317,664.798096,0,0,1,1,1.000000
1890,10,309.04129,664.520325,0,0,1,1,1.000000
1895,10,309.17984,665.097107,0,0,1,1,1.000000
1900,10,308.635437,668.684326,0,0,1,1,1.000000
1905,10,308.192841,668.727234,0,0,1,1,1.000000
1910,10,308.249664,668.956726,0,0,1,1,1.000000
1915,10,305.310944,669.285889,0,0,1,1,1.000000
1920,10,305.2565,668.867615,0,0,1,1,1.000000
1925,10,305.051758,668.749146,0,0,1,1,1.000000
1930,10,305.471893,672.260437,0,0,1,1,1.000000
1935,10,309.664093,672.993042,0,0,1,1,1.000000
1940,10,309.194305,676.47699,0,0,1,1,1.000000
1945,10,309.425629,672.289429,0,0,1,1,1.000000
1950,10,305.512146,668.47345,0,0,1,1,1.000000
1955,10,305.633392,668.383667,0,0,1,1,1.000000
1960,10,304.949066,668.794495,0,0,1,1,1.000000
1965,10,304.587616,668.766113,0,0,1,1,1.000000
1970,10,304.626282,668.680237,0,0,1,1,1.000000
1975,10,304.743713,668.883423,0,0,1,1,1.000000
1980,10,304.60611,668.738281,0,0,1,1,1.000000
1985,10,304.725128,668.894165,0,0,1,1,1.000000
1990,10,305.152618,668.809021,0,0,1,1,1.000000
1995,10,304.389679,668.693237,0,0,1,1,1.000000
1800,11,237.530579,64.384872,0,0,1,1,1.000000
1800,12,389.202789,816.561523,0,0,1,1,1.000000
1805,12,373.757812,824.974609,0,0,1,1,1.000000
1810,12,365.230652,832.65863,0,0,1,1,1.000000
1815,12,360.543427,833.024353,0,0,1,1,1.000000
1820,12,357.390747,840.701599,0,0,1,1,1.000000
1825,12,356.444336,845.047058,0,0,1,1,1.000000
1830,12,353.203552,841.063599,0,0,1,1,1.000000
1835,12,353.26944,836.773376,0,0,1,1,1.000000
1840,12,356.718506,829.202515,0,0,1,1,1.000000
1845,12,356.49707,829.080139,0,0,1,1,1.000000
1850,12,357.220001,824.88092,0,0,1,1,1.000000
1855,12,355.958893,828.378357,0,0,1,1,1.000000
1860,12,353.394531,828.742737,0,0,1,1,1.000000
1865,12,353.283356,828.710999,0,0,1,1,1.000000
1870,12,353.333344,825.309998,0,0,1,1,1.000000
1875,12,353.403839,824.921631,0,0,1,1,1.000000
1880,12,353.133881,828.604614,0,0,1,1,1.000000
1885,12,356.015808,828.605713,0,0,1,1,1.000000
1890,12,356.182587,828.85376,0,0,1,1,1.000000
1895,12,356.388123,828.905823,0,0,1,1,1.000000
1900,12,356.906067,829.00061,0,0,1,1,1.000000
1905,12,356.159027,824.88092,0,0,1,1,1.000000
1910,12,353.647217,829.169067,0,0,1,1,1.000000
1915,12,353.412415,829.021118,0,0,1,1,1.000000
1920,12,353.25827,828.859558,0,0,1,1,1.000000
1925,12,353.220276,828.751526,0,0,1,1,1.000000
1930,12,353.108368,825.521667,0,0,1,1,1.000000
1935,12,353.063507,825.010315,0,0,1,1,1.000000
1940,12,352.870178,828.678162,0,0,1,1,1.000000
1945,12,352.706329,825.16217,0,0,1,1,1.000000
1950,12,352.687744,824.565918,0,0,1,1,1.000000
1955,12,352.8927,824.55719,0,0,1,1,1.000000
1960,12,352.597443,824.569275,0,0,1,1,1.000000
1965,12,353.070099,824.687134,0,0,1,1,1.000000
1970,12,352.707916,825.111816,0,0,1,1,1.000000
1975,12,353.051361,824.598022,0,0,1,1,1.000000
1980,12,353.003998,824.90387,0,0,1,1,1.000000
1985,12,356.630707,848.659058,0,0,1,1,1.000000
1990,12,356.427765,852.773499,0,0,1,1,1.000000
1995,12,353.103577,853.414185,0,0,1,1,1.000000
1800,13,285.396912,1208.481567,0,0,1,1,1.000000
1805,13,269.80481,1233.001709,0,0,1,1,1.000000
1815,13,244.318527,1260.911499,0,0,1,1,1.000000
1820,13,236.802475,1288.812988,0,0,1,1,1.000000
1800,14,220.571777,629.165588,0,0,1,1,1.000000
1805,14,220.526398,629.056946,0,0,1,1,1.000000
1810,14,220.546631,629.026672,0,0,1,1,1.000000
1815,14,220.536804,628.913452,0,0,1,1,1.000000
1820,14,220.630386,628.905762,0,0,1,1,1.000000
1825,14,220.6418,628.970093,0,0,1,1,1.000000
1830,14,220.631027,628.887451,0,0,1,1,1.000000
1835,14,220.684326,628.966919,0,0,1,1,1.000000
1840,14,217.408554,629.110901,0,0,1,1,1.000000
1845,14,217.430893,629.19812,0,0,1,1,1.000000
1850,14,217.241989,629.086853,0,0,1,1,1.000000
1855,14,217.336609,629.137085,0,0,1,1,1.000000
1860,14,220.395752,628.994507,0,0,1,1,1.000000
1865,14,220.380325,628.881653,0,0,1,1,1.000000
1870,14,220.627548,628.913025,0,0,1,1,1.000000
1875,14,220.608444,628.849976,0,0,1,1,1.000000
1880,14,220.555038,628.579346,0,0,1,1,1.000000
1885,14,220.602982,628.734436,0,0,1,1,1.000000
1890,14,217.216675,629.109497,0,0,1,1,1.000000
1895,14,220.526917,629.051575,0,0,1,1,1.000000
1900,14,220.562378,629.318176,0,0,1,1,1.000000
1905,14,220.181564,628.967712,0,0,1,1,1.000000
1910,14,220.924118,628.807983,0,0,1,1,1.000000
1915,14,220.775223,628.99585,0,0,1,1,1.000000
1920,14,220.578751,629.280029,0,0,1,1,1.000000
1925,14,220.375443,629.217041,0,0,1,1,1.000000
1930,14,220.512268,628.9104,0,0,1,1,1.000000
1935,14,220.516556,628.852478,0,0,1,1,1.000000
1940,14,220.418121,628.943909,0,0,1,1,1.000000
1945,14,220.632034,628.700806,0,0,1,1,1.000000
1950,14,220.574753,628.604919,0,0,1,1,1.000000
1955,14,220.172958,629.043152,0,0,1,1,1.000000
1960,14,220.529709,628.813904,0,0,1,1,1.000000
1965,14,220.144089,628.885193,0,0,1,1,1.000000
1970,14,220.30127,628.991089,0,0,1,1,1.000000
1975,14,220.592957,628.724731,0,0,1,1,1.000000
1980,14,217.296066,629.069702,0,0,1,1,1.000000
1985,14,220.618607,628.837708,0,0,1,1,1.000000
1990,14,220.466446,628.872253,0,0,1,1,1.000000
1995,14,220.262558,629.12085,0,0,1,1,1.000000
1800,15,372.480347,764.9776,0,0,1,1,1.000000
1805,15,365.564606,744.712769,0,0,1,1,1.000000
1810,15,364.810638,720.808594,0,0,1,1,1.000000
1815,15,357.7005,696.997925,0,0,1,1,1.000000
1820,15,353.252289,680.417603,0,0,1,1,1.000000
1825,15,352.267334,660.998474,0,0,1,1,1.000000
1830,15,353.199554,648.053345,0,0,1,1,1.000000
1835,15,357.513611,632.35907,0,0,1,1,1.000000
1840,15,364.73288,616.639832,0,0,1,1,1.000000
1845,15,364.932709,600.613342,0,0,1,1,1.000000
1850,15,368.604431,584.812561,0,0,1,1,1.000000
1855,15,372.395294,576.218506,0,0,1,1,1.000000
1860,15,373.464905,557.229858,0,0,1,1,1.000000
1865,15,377.467529,549.063843,0,0,1,1,1.000000
1870,15,380.211121,532.934387,0,0,1,1,1.000000
1875,15,380.491089,520.74939,0,0,1,1,1.000000
1880,15,380.385284,512.667786,0,0,1,1,1.000000
1885,15,377.231537,500.887421,0,0,1,1,1.000000
1890,15,372.59549,488.594147,0,0,1,1,1.000000
1895,15,360.987488,477.30481,0,0,1,1,1.000000
1900,15,353.13562,468.987732,0,0,1,1,1.000000
1905,15,341.067657,461.254303,0,0,1,1,1.000000
1910,15,328.682648,452.780304,0,0,1,1,1.000000
1915,15,317.071136,445.169342,0,0,1,1,1.000000
1920,15,300.73291,437.143402,0,0,1,1,1.000000
1925,15,284.490265,436.873383,0,0,1,1,1.000000
1930,15,269.559967,432.781281,0,0,1,1,1.000000
1935,15,248.695312,436.716034,0,0,1,1,1.000000
1940,15,232.494614,432.753052,0,0,1,1,1.000000
1945,15,212.873138,437.152557,0,0,1,1,1.000000
1950,15,197.57431,440.760742,0,0,1,1,1.000000
1955,15,180.143692,440.24234,0,0,1,1,1.000000
1960,15,124.81424,384.563202,0,0,1,1,1.000000
1965,15,121.305817,356.490692,0,0,1,1,1.000000
1970,15,116.408981,325.25296,0,0,1,1,1.000000
1975,15,112.393173,296.720795,0,0,1,1,1.000000
1980,15,109.11924,272.751831,0,0,1,1,1.000000
1985,15,108.416306,240.795258,0,0,1,1,1.000000
1990,15,101.395134,208.962524,0,0,1,1,1.000000
1995,15,96.567047,189.538239,0,0,1,1,1.000000
1800,16,320.162231,812.841125,0,0,1,1,1.000000
1805,16,304.730713,824.706909,0,0,1,1,1.000000
1810,16,296.247894,840.311584,0,0,1,1,1.000000
1815,16,285.084625,848.664124,0,0,1,1,1.000000
1820,16,277.433594,853.397156,0,0,1,1,1.000000
1825,16,284.927704,856.850342,0,0,1,1,1.000000
1830,16,293.079315,869.271301,0,0,1,1,1.000000
1835,16,304.545166,872.571106,0,0,1,1,1.000000
1840,16,320.218719,869.598083,0,0,1,1,1.000000
1845,16,332.697784,864.661133,0,0,1,1,1.000000
1850,16,340.37735,856.783386,0,0,1,1,1.000000
1855,16,341.395844,852.472595,0,0,1,1,1.000000
1860,16,344.174866,853.503479,0,0,1,1,1.000000
1865,16,344.410522,853.556763,0,0,1,1,1.000000
1870,16,345.549622,853.285767,0,0,1,1,1.000000
1875,16,352.267334,853.595825,0,0,1,1,1.000000
1880,16,353.175201,853.376892,0,0,1,1,1.000000
1885,16,357.167786,852.839783,0,0,1,1,1.000000
1890,16,356.65686,852.801392,0,0,1,1,1.000000
1895,16,356.447479,852.603394,0,0,1,1,1.000000
1900,16,353.552734,850.27478,0,0,1,1,1.000000
1905,16,388.263336,864.101929,0,0,1,1,1.000000
1910,16,381.022095,868.534363,0,0,1,1,1.000000
1915,16,380.306,868.876099,0,0,1,1,1.000000
1920,16,379.945251,869.260376,0,0,1,1,1.000000
1925,16,380.712097,865.039856,0,0,1,1,1.000000
1930,16,380.889099,868.447632,0,0,1,1,1.000000
1935,16,473.838867,853.171753,0,0,1,1,1.000000
1940,16,456.666138,869.190613,0,0,1,1,1.000000
1945,16,473.481537,857.67218,0,0,1,1,1.000000
1950,16,453.4021,885.291504,0,0,1,1,1.000000
1955,16,440.793488,912.554626,0,0,1,1,1.000000
1965,16,429.203033,965.333374,0,0,1,1,1.000000
1970,16,478.106049,846.106506,0,0,1,1,1.000000
1975,16,465.065002,864.752625,0,0,1,1,1.000000
1980,16,452.674255,888.634766,0,0,1,1,1.000000
1985,16,469.643738,912.517029,0,0,1,1,1.000000
1990,16,460.164368,933.28009,0,0,1,1,1.000000
1995,16,444.869904,965.269043,0,0,1,1,1.000000
1800,17,76.848366,492.569672,0,0,1,1,1.000000
1805,17,77.686035,460.955353,0,0,1,1,1.000000
1810,17,76.946182,436.699646,0,0,1,1,1.000000
1815,17,84.48217,424.521484,0,0,1,1,1.000000
1820,17,88.463196,421.219177,0,0,1,1,1.000000
1825,17,92.286247,424.332733,0,0,1,1,1.000000
1830,17,93.256752,432.727081,0,0,1,1,1.000000
1835,17,85.68322,445.543762,0,0,1,1,1.000000
1840,17,80.293488,456.544525,0,0,1,1,1.000000
1845,17,77.316414,461.214172,0,0,1,1,1.000000
1850,17,77.357712,461.234528,0,0,1,1,1.000000
1855,17,77.276855,461.038177,0,0,1,1,1.000000
1860,17,77.023491,461.25824,0,0,1,1,1.000000
1865,17,76.580238,469.412384,0,0,1,1,1.000000
1870,17,76.767685,488.935455,0,0,1,1,1.000000
1875,17,68.96405,512.579773,0,0,1,1,1.000000
1880,17,68.565651,536.593994,0,0,1,1,1.000000
1885,17,69.272964,560.840393,0,0,1,1,1.000000
1890,17,68.611496,588.925537,0,0,1,1,1.000000
1895,17,68.607231,616.78186,0,0,1,1,1.000000
1900,17,61.431927,645.150696,0,0,1,1,1.000000
1905,17,61.314053,672.579651,0,0,1,1,1.000000
1910,17,48.564194,700.80896,0,0,1,1,1.000000
1915,17,108.760864,696.756714,0,0,1,1,1.000000
1920,17,80.61821,685.417236,0,0,1,1,1.000000
1925,17,77.501312,661.561646,0,0,1,1,1.000000
1930,17,80.505966,637.925659,0,0,1,1,1.000000
1935,17,76.865631,617.210632,0,0,1,1,1.000000
1940,17,69.373055,597.098877,0,0,1,1,1.000000
1945,17,69.445786,573.244629,0,0,1,1,1.000000
1950,17,69.718735,557.144836,0,0,1,1,1.000000
1955,17,69.623863,537.329468,0,0,1,1,1.000000
1960,17,68.694778,512.868958,0,0,1,1,1.000000
1965,17,64.54911,496.835297,0,0,1,1,1.000000
1970,17,64.548592,472.484467,0,0,1,1,1.000000
1975,17,64.205887,448.15799,0,0,1,1,1.000000
1980,17,109.111633,464.710724,0,0,1,1,1.000000
1985,17,93.309647,472.291962,0,0,1,1,1.000000
1990,17,77.806831,480.748779,0,0,1,1,1.000000
1995,17,64.743561,480.123199,0,0,1,1,1.000000
1800,18,440.471161,829.316101,0,0,1,1,1.000000
1805,18,432.414124,832.975769,0,0,1,1,1.000000
1810,18,424.731018,837.411133,0,0,1,1,1.000000
1815,18,424.971405,840.442383,0,0,1,1,1.000000
1820,18,424.406067,840.537292,0,0,1,1,1.000000
1825,18,420.559143,837.321167,0,0,1,1,1.000000
1830,18,417.175079,837.0177,0,0,1,1,1.000000
1835,18,413.567474,832.922058,0,0,1,1,1.000000
1840,18,408.668701,829.306519,0,0,1,1,1.000000
1845,18,408.255829,829.339844,0,0,1,1,1.000000
1850,18,405.614441,824.73999,0,0,1,1,1.000000
1855,18,408.108612,824.43042,0,0,1,1,1.000000
1860,18,408.315094,824.50061,0,0,1,1,1.000000
1865,18,408.417969,824.623962,0,0,1,1,1.000000
1870,18,408.412964,824.473083,0,0,1,1,1.000000
1875,18,408.690643,824.374023,0,0,1,1,1.000000
1880,18,408.549774,824.539246,0,0,1,1,1.000000
1885,18,408.497864,824.469177,0,0,1,1,1.000000
1890,18,405.623718,824.777954,0,0,1,1,1.000000
1895,18,408.441681,824.644531,0,0,1,1,1.000000
1900,18,408.902008,829.071777,0,0,1,1,1.000000
1905,18,408.220886,825.028992,0,0,1,1,1.000000
1910,18,408.170929,824.63678,0,0,1,1,1.000000
1915,18,405.597687,825.144897,0,0,1,1,1.000000
1920,18,404.843536,836.577332,0,0,1,1,1.000000
1925,18,405.663879,821.216858,0,0,1,1,1.000000
1930,18,405.479156,824.522705,0,0,1,1,1.000000
1935,18,405.3927,824.731384,0,0,1,1,1.000000
1940,18,404.393127,824.573059,0,0,1,1,1.000000
1945,18,405.058472,824.604797,0,0,1,1,1.000000
1950,18,404.612183,825.090271,0,0,1,1,1.000000
1955,18,404.654297,824.485657,0,0,1,1,1.000000
1960,18,401.265167,824.490601,0,0,1,1,1.000000
1965,18,404.518768,824.871643,0,0,1,1,1.000000
1970,18,404.122559,824.413086,0,0,1,1,1.000000
1975,18,404.720581,824.645813,0,0,1,1,1.000000
1980,18,404.67572,825.009705,0,0,1,1,1.000000
1985,18,404.841309,829.041626,0,0,1,1,1.000000
1990,18,404.643372,824.780212,0,0,1,1,1.000000
1995,18,401.424225,824.832214,0,0,1,1,1.000000
1800,19,400.484039,833.827087,0,0,1,1,1.000000
1805,19,397.292969,837.481506,0,0,1,1,1.000000
1810,19,393.02774,844.722839,0,0,1,1,1.000000
1815,19,388.413239,844.788391,0,0,1,1,1.000000
1820,19,384.358948,848.390808,0,0,1,1,1.000000
1825,19,384.465027,853.719482,0,0,1,1,1.000000
1830,19,384.4617,853.651001,0,0,1,1,1.000000
1835,19,381.578644,856.488281,0,0,1,1,1.000000
1840,19,381.737061,856.766418,0,0,1,1,1.000000
1845,19,385.197083,860.845398,0,0,1,1,1.000000
1850,19,388.379425,861.407227,0,0,1,1,1.000000
1855,19,388.625671,861.513062,0,0,1,1,1.000000
1860,19,388.47406,861.486511,0,0,1,1,1.000000
1865,19,388.323883,861.354004,0,0,1,1,1.000000
1870,19,388.332886,861.130432,0,0,1,1,1.000000
1875,19,388.491455,861.098083,0,0,1,1,1.000000
1880,19,388.642303,861.296936,0,0,1,1,1.000000
1885,19,388.29129,861.414124,0,0,1,1,1.000000
1890,19,388.53006,861.483154,0,0,1,1,1.000000
1895,19,388.421509,861.402039,0,0,1,1,1.000000
1900,19,388.781586,861.470276,0,0,1,1,1.000000
1905,19,477.653137,869.773071,0,0,1,1,1.000000
1910,19,436.742645,864.463867,0,0,1,1,1.000000
1915,19,424.476196,885.286011,0,0,1,1,1.000000
1920,19,408.614777,904.844238,0,0,1,1,1.000000
1925,19,397.097107,924.771851,0,0,1,1,1.000000
1930,19,385.111633,944.268188,0,0,1,1,1.000000
1935,19,368.531219,965.177795,0,0,1,1,1.000000
1940,19,356.655731,984.847351,0,0,1,1,1.000000
1945,19,344.670929,1004.698608,0,0,1,1,1.000000
1950,19,332.605225,1020.869507,0,0,1,1,1.000000
1955,19,316.563232,1044.670532,0,0,1,1,1.000000
1960,19,300.903473,1064.616089,0,0,1,1,1.000000
1965,19,288.60437,1085.546753,0,0,1,1,1.000000
1970,19,276.990875,1104.924438,0,0,1,1,1.000000
1975,19,261.690948,1128.905884,0,0,1,1,1.000000
1980,19,248.511856,1149.473877,0,0,1,1,1.000000
1985,19,233.282944,1172.762939,0,0,1,1,1.000000
1990,19,221.335266,1192.615356,0,0,1,1,1.000000
1995,19,208.918854,1216.429688,0,0,1,1,1.000000
1800,20,33.203453,897.284302,0,0,1,1,1.000000
1820,20,37.288448,896.042969,0,0,1,1,1.000000
1830,20,33.999706,894.183289,0,0,1,1,1.000000
1865,20,28.835627,900.90155,0,0,1,1,1.000000
1890,20,77.71299,804.493164,0,0,1,1,1.000000
1895,20,64.275368,789.209717,0,0,1,1,1.000000
1900,20,61.046265,773.345703,0,0,1,1,1.000000
1905,20,68.592506,757.164612,0,0,1,1,1.000000
1910,20,72.744781,732.995544,0,0,1,1,1.000000
1915,20,77.890404,712.905457,0,0,1,1,1.000000
1920,20,108.599472,677.130737,0,0,1,1,1.000000
1925,20,105.968964,654.359985,0,0,1,1,1.000000
1930,20,105.661018,633.871033,0,0,1,1,1.000000
1935,20,104.677078,608.695801,0,0,1,1,1.000000
1940,20,101.098625,588.367126,0,0,1,1,1.000000
1945,20,100.388687,565.184998,0,0,1,1,1.000000
1950,20,264.548035,568.549927,0,0,1,1,1.000000
1955,20,264.604919,568.613892,0,0,1,1,1.000000
1960,20,264.743042,568.638062,0,0,1,1,1.000000
1965,20,264.485046,568.598511,0,0,1,1,1.000000
1970,20,264.748138,568.538879,0,0,1,1,1.000000
1975,20,264.697296,568.65155,0,0,1,1,1.000000
1980,20,264.561005,568.624023,0,0,1,1,1.000000
1985,20,264.4021,568.508728,0,0,1,1,1.000000
1990,20,261.627197,568.252258,0,0,1,1,1.000000
1995,20,261.386292,568.629761,0,0,1,1,1.000000
1800,21,33.631607,922.397339,0,0,1,1,1.000000
1805,21,37.84156,920.891907,0,0,1,1,1.000000
1810,21,37.557281,920.474121,0,0,1,1,1.000000
1815,21,40.61998,920.787537,0,0,1,1,1.000000
1820,21,41.250313,922.375977,0,0,1,1,1.000000
1825,21,37.171165,925.751038,0,0,1,1,1.000000
1895,21,89.701828,789.595154,0,0,1,1,1.000000
1900,21,97.231331,773.37085,0,0,1,1,1.000000
1905,21,97.31691,745.18158,0,0,1,1,1.000000
1910,21,101.304329,724.476685,0,0,1,1,1.000000
1915,21,173.032547,668.487061,0,0,1,1,1.000000
1920,21,157.521988,640.641541,0,0,1,1,1.000000
1925,21,141.522018,601.191101,0,0,1,1,1.000000
1930,21,136.509384,581.37207,0,0,1,1,1.000000
1935,21,132.062424,549.215576,0,0,1,1,1.000000
1940,21,125.418251,524.72052,0,0,1,1,1.000000
1945,21,120.956055,489.68573,0,0,1,1,1.000000
1950,21,136.099228,440.583771,0,0,1,1,1.000000
1955,21,129.300217,412.849548,0,0,1,1,1.000000
1960,21,161.334061,444.463287,0,0,1,1,1.000000
1965,21,148.903976,445.199615,0,0,1,1,1.000000
1970,21,133.844742,448.943207,0,0,1,1,1.000000
1975,21,117.127625,460.966736,0,0,1,1,1.000000
1980,21,68.704453,432.956146,0,0,1,1,1.000000
1985,21,93.279137,392.354492,0,0,1,1,1.000000
1990,21,92.783684,372.931732,0,0,1,1,1.000000
1995,21,101.684547,345.120789,0,0,1,1,1.000000
1815,22,444.756653,412.532196,0,0,1,1,1.000000
1820,22,428.622009,388.670441,0,0,1,1,1.000000
1825,22,412.749023,361.067322,0,0,1,1,1.000000
1830,22,392.698914,340.627838,0,0,1,1,1.000000
1835,22,381.125763,316.697601,0,0,1,1,1.000000
1840,22,368.499298,288.504547,0,0,1,1,1.000000
1845,22,356.860474,261.365814,0,0,1,1,1.000000
1850,22,340.769623,236.619659,0,0,1,1,1.000000
1855,22,328.793091,208.828232,0,0,1,1,1.000000
1860,22,317.10556,181.004272,0,0,1,1,1.000000
1865,22,312.796021,149.438507,0,0,1,1,1.000000
1870,22,304.977997,116.858604,0,0,1,1,1.000000
1815,23,448.577911,516.983459,0,0,1,1,1.000000
1820,23,428.620544,512.723999,0,0,1,1,1.000000
1825,23,405.001251,512.660828,0,0,1,1,1.000000
1830,23,389.302185,512.636353,0,0,1,1,1.000000
1835,23,376.614838,501.515503,0,0,1,1,1.000000
1840,23,365.732788,496.960815,0,0,1,1,1.000000
1845,23,357.022522,496.586212,0,0,1,1,1.000000
1850,23,348.161102,492.670776,0,0,1,1,1.000000
1855,23,344.196411,492.957947,0,0,1,1,1.000000
1860,23,344.179169,501.295105,0,0,1,1,1.000000
1865,23,345.045654,505.302246,0,0,1,1,1.000000
1870,23,349.395264,509.355225,0,0,1,1,1.000000
1875,23,349.904694,513.282898,0,0,1,1,1.000000
1880,23,348.566956,516.880188,0,0,1,1,1.000000
1885,23,345.271606,516.897339,0,0,1,1,1.000000
1890,23,345.154846,516.96228,0,0,1,1,1.000000
1895,23,345.45639,517.703247,0,0,1,1,1.000000
1900,23,345.615662,517.565918,0,0,1,1,1.000000
1905,23,356.95224,524.970276,0,0,1,1,1.000000
1910,23,368.72168,525.505554,0,0,1,1,1.000000
1915,23,381.772797,537.036926,0,0,1,1,1.000000
1920,23,397.648895,545.176331,0,0,1,1,1.000000
1925,23,408.530426,556.792847,0,0,1,1,1.000000
1930,23,416.833893,560.96637,0,0,1,1,1.000000
1935,23,424.794281,568.738831,0,0,1,1,1.000000
1940,23,425.069885,572.991577,0,0,1,1,1.000000
1945,23,425.299988,576.167358,0,0,1,1,1.000000
1950,23,469.246948,560.780823,0,0,1,1,1.000000
1955,23,448.819183,560.630981,0,0,1,1,1.000000
1960,23,440.333862,557.582886,0,0,1,1,1.000000
1965,23,421.741241,540.783997,0,0,1,1,1.000000
1970,23,409.896545,525.328735,0,0,1,1,1.000000
1975,23,396.455902,500.801453,0,0,1,1,1.000000
1980,23,380.891388,477.937897,0,0,1,1,1.000000
1985,23,368.254944,448.658203,0,0,1,1,1.000000
1990,23,356.449829,420.894226,0,0,1,1,1.000000
1995,23,347.77359,396.579193,0,0,1,1,1.000000
1865,24,468.934418,525.187805,0,0,1,1,1.000000
1870,24,456.173828,516.787537,0,0,1,1,1.000000
1875,24,444.658417,512.583923,0,0,1,1,1.000000
1880,24,433.062195,505.063721,0,0,1,1,1.000000
1885,24,421.109009,500.797729,0,0,1,1,1.000000
1890,24,408.462677,501.273346,0,0,1,1,1.000000
1895,24,396.951813,497.064758,0,0,1,1,1.000000
1900,24,385.624573,493.598572,0,0,1,1,1.000000
1905,24,372.772369,484.868561,0,0,1,1,1.000000
1910,24,353.674652,481.009766,0,0,1,1,1.000000
1915,24,340.555359,476.66449,0,0,1,1,1.000000
1920,24,324.567078,472.13269,0,0,1,1,1.000000
1925,24,309.552307,464.795807,0,0,1,1,1.000000
1930,24,293.02301,468.940186,0,0,1,1,1.000000
1935,24,276.586975,468.916901,0,0,1,1,1.000000
1940,24,268.311707,468.438141,0,0,1,1,1.000000
1945,24,252.743286,469.165924,0,0,1,1,1.000000
1950,24,240.817444,472.504303,0,0,1,1,1.000000
1955,24,227.915421,476.652374,0,0,1,1,1.000000
1960,24,216.137436,477.059998,0,0,1,1,1.000000
1965,24,204.898895,480.427582,0,0,1,1,1.000000
1970,24,192.695908,480.443878,0,0,1,1,1.000000
1975,24,185.100418,484.772766,0,0,1,1,1.000000
1980,24,180.427277,484.785278,0,0,1,1,1.000000
1985,24,173.547287,488.468781,0,0,1,1,1.000000
1990,24,172.467667,485.021759,0,0,1,1,1.000000
1995,24,172.576569,484.940094,0,0,1,1,1.000000
1880,25,465.178925,440.481323,0,0,1,1,1.000000
1885,25,461.557648,421.224457,0,0,1,1,1.000000
1890,25,453.312653,413.049622,0,0,1,1,1.000000
1895,25,445.733795,397.33606,0,0,1,1,1.000000
1900,25,437.217682,388.704529,0,0,1,1,1.000000
1905,25,429.414215,380.968994,0,0,1,1,1.000000
1910,25,421.339996,372.959229,0,0,1,1,1.000000
1915,25,413.43573,360.82254,0,0,1,1,1.000000
1920,25,405.305115,349.215424,0,0,1,1,1.000000
1925,25,440.630615,400.412231,0,0,1,1,1.000000
1930,25,429.35022,369.140717,0,0,1,1,1.000000
1935,25,425.053711,345.3367,0,0,1,1,1.000000
1940,25,421.335815,321.250916,0,0,1,1,1.000000
1945,25,416.703186,296.733246,0,0,1,1,1.000000
1950,25,408.736816,269.156433,0,0,1,1,1.000000
1955,25,405.076691,245.710022,0,0,1,1,1.000000
1960,25,397.323578,216.999878,0,0,1,1,1.000000
1965,25,393.064941,189.544907,0,0,1,1,1.000000
1970,25,388.590302,149.302704,0,0,1,1,1.000000
1895,26,452.718628,460.423676,0,0,1,1,1.000000
1900,26,441.57254,453.127869,0,0,1,1,1.000000
1905,26,432.859497,444.907196,0,0,1,1,1.000000
1910,26,421.164673,417.388367,0,0,1,1,1.000000
1915,26,473.983093,453.545624,0,0,1,1,1.000000
1920,26,452.69928,421.102478,0,0,1,1,1.000000
1925,26,477.843323,414.364594,0,0,1,1,1.000000
1930,26,460.255768,384.427094,0,0,1,1,1.000000
1935,26,452.644928,357.125061,0,0,1,1,1.000000
1940,26,444.585083,336.432617,0,0,1,1,1.000000
1945,26,441.258301,309.136139,0,0,1,1,1.000000
1950,26,440.154327,281.138245,0,0,1,1,1.000000
1955,26,437.735962,249.152832,0,0,1,1,1.000000
1960,26,428.800934,217.681473,0,0,1,1,1.000000
1965,26,420.737488,193.996048,0,0,1,1,1.000000
1970,26,409.420715,150.16655,0,0,1,1,1.000000
1975,26,404.385834,133.636154,0,0,1,1,1.000000
1980,26,393.005341,105.466476,0,0,1,1,1.000000
1900,27,461.075043,836.587036,0,0,1,1,1.000000
1905,27,449.052765,852.798523,0,0,1,1,1.000000
1910,27,461.661072,881.218079,0,0,1,1,1.000000
1915,27,444.155151,901.079285,0,0,1,1,1.000000
1920,27,428.151245,924.730042,0,0,1,1,1.000000
1925,27,410.6362,941.494812,0,0,1,1,1.000000
1930,27,400.4422,960.774414,0,0,1,1,1.000000
1935,27,388.70108,980.222412,0,0,1,1,1.000000
1940,27,376.388275,997.417114,0,0,1,1,1.000000
1945,27,360.444763,1020.711975,0,0,1,1,1.000000
1950,27,348.522247,1040.518799,0,0,1,1,1.000000
1955,27,336.739197,1060.90564,0,0,1,1,1.000000
1960,27,321.324768,1080.823242,0,0,1,1,1.000000
1965,27,309.394257,1101.324829,0,0,1,1,1.000000
1970,27,296.425232,1125.437744,0,0,1,1,1.000000
1975,27,285.101562,1144.536499,0,0,1,1,1.000000
1980,27,272.404266,1164.580566,0,0,1,1,1.000000
1985,27,260.599457,1184.702026,0,0,1,1,1.000000
1990,27,245.329163,1208.396729,0,0,1,1,1.000000
1995,27,232.414597,1232.489868,0,0,1,1,1.000000
1900,28,264.390686,500.986145,0,0,1,1,1.000000
1905,28,268.548431,504.390442,0,0,1,1,1.000000
1910,28,268.594543,504.358215,0,0,1,1,1.000000
1915,28,268.792206,500.806091,0,0,1,1,1.000000
1920,28,268.558502,500.762421,0,0,1,1,1.000000
1925,28,268.764801,500.736023,0,0,1,1,1.000000
1930,28,264.874023,501.310486,0,0,1,1,1.000000
1935,28,265.206421,504.288605,0,0,1,1,1.000000
1940,28,268.434143,504.147827,0,0,1,1,1.000000
1945,28,265.291351,500.991913,0,0,1,1,1.000000
1950,28,264.929016,501.25412,0,0,1,1,1.000000
1955,28,265.113098,504.404449,0,0,1,1,1.000000
1960,28,265.304535,504.021423,0,0,1,1,1.000000
1965,28,265.312073,503.996155,0,0,1,1,1.000000
1970,28,265.394806,503.995941,0,0,1,1,1.000000
1975,28,265.463287,504.164551,0,0,1,1,1.000000
1980,28,265.384796,504.1698,0,0,1,1,1.000000
1985,28,264.989655,500.984741,0,0,1,1,1.000000
1990,28,265.29892,503.938446,0,0,1,1,1.000000
1995,28,268.739227,504.66864,0,0,1,1,1.000000
1910,29,444.235931,733.387268,0,0,1,1,1.000000
1915,29,420.519531,736.320679,0,0,1,1,1.000000
1920,29,392.745087,736.97052,0,0,1,1,1.000000
1925,29,365.525024,736.700378,0,0,1,1,1.000000
1930,29,336.352234,740.925903,0,0,1,1,1.000000
1935,29,312.530792,741.244751,0,0,1,1,1.000000
1940,29,288.432159,741.517578,0,0,1,1,1.000000
1945,29,261.681305,744.95752,0,0,1,1,1.000000
1950,29,236.481583,748.990112,0,0,1,1,1.000000
1955,29,212.556488,749.132141,0,0,1,1,1.000000
1960,29,188.735596,752.709229,0,0,1,1,1.000000
1965,29,161.030807,749.131531,0,0,1,1,1.000000
1970,29,136.852036,749.330688,0,0,1,1,1.000000
1975,29,109.551064,752.31781,0,0,1,1,1.000000
1980,29,88.438553,757.191895,0,0,1,1,1.000000
1985,29,65.182869,760.556396,0,0,1,1,1.000000
1990,29,52.483822,765.213318,0,0,1,1,1.000000
1910,30,28.893343,244.649841,0,0,1,1,1.000000
1915,30,33.178009,248.700943,0,0,1,1,1.000000
1920,30,37.469135,253.219254,0,0,1,1,1.000000
1925,30,44.459049,256.558929,0,0,1,1,1.000000
1930,30,48.698242,260.80307,0,0,1,1,1.000000
1935,30,48.35112,260.853851,0,0,1,1,1.000000
1940,30,48.108826,261.149902,0,0,1,1,1.000000
1945,30,48.237591,261.053223,0,0,1,1,1.000000
1950,30,48.428688,261.56488,0,0,1,1,1.000000
1955,30,48.406242,261.497437,0,0,1,1,1.000000
1960,30,48.561157,261.585022,0,0,1,1,1.000000
1965,30,48.444313,260.89679,0,0,1,1,1.000000
1970,30,48.608269,260.978363,0,0,1,1,1.000000
1975,30,48.054356,261.066406,0,0,1,1,1.000000
1980,30,48.345612,261.11731,0,0,1,1,1.000000
1985,30,48.852295,261.411316,0,0,1,1,1.000000
1990,30,48.814823,261.14743,0,0,1,1,1.000000
1995,30,48.17281,261.373779,0,0,1,1,1.000000
1920,31,456.457153,712.520447,0,0,1,1,1.000000
1925,31,432.319092,717.234009,0,0,1,1,1.000000
1930,31,405.824646,721.105225,0,0,1,1,1.000000
1935,31,377.069153,733.099182,0,0,1,1,1.000000
1940,31,356.693726,728.451599,0,0,1,1,1.000000
1945,31,328.492859,733.040222,0,0,1,1,1.000000
1950,31,301.589539,728.940186,0,0,1,1,1.000000
1955,31,277.507233,728.599609,0,0,1,1,1.000000
1960,31,252.948471,725.210876,0,0,1,1,1.000000
1965,31,225.150101,725.31189,0,0,1,1,1.000000
1970,31,200.757034,725.24939,0,0,1,1,1.000000
1975,31,176.261536,725.256958,0,0,1,1,1.000000
1980,31,152.344315,725.323853,0,0,1,1,1.000000
1985,31,124.938293,725.435974,0,0,1,1,1.000000
1990,31,100.86293,728.683105,0,0,1,1,1.000000
1995,31,80.292618,733.106201,0,0,1,1,1.000000
1920,32,404.372894,380.634949,0,0,1,1,1.000000
1925,32,396.848083,360.443878,0,0,1,1,1.000000
1930,32,389.225311,341.53653,0,0,1,1,1.000000
1935,32,380.788574,321.564117,0,0,1,1,1.000000
1940,32,376.263947,301.198151,0,0,1,1,1.000000
1945,32,368.208435,277.086975,0,0,1,1,1.000000
1950,32,360.452209,253.626801,0,0,1,1,1.000000
1955,32,356.927002,233.553574,0,0,1,1,1.000000
1960,32,348.772491,213.94075,0,0,1,1,1.000000
1965,32,344.888641,193.778122,0,0,1,1,1.000000
1970,32,337.65509,173.593063,0,0,1,1,1.000000
1975,32,345.384827,141.238083,0,0,1,1,1.000000
1980,32,317.358429,108.479218,0,0,1,1,1.000000
1985,32,329.826019,108.934608,0,0,1,1,1.000000
1990,32,316.846283,85.207504,0,0,1,1,1.000000
1930,33,397.084961,312.897583,0,0,1,1,1.000000
1935,33,395.964874,293.091034,0,0,1,1,1.000000
1940,33,392.351227,272.414673,0,0,1,1,1.000000
1945,33,388.878235,253.236542,0,0,1,1,1.000000
1950,33,381.774628,229.111893,0,0,1,1,1.000000
1955,33,372.3414,208.757599,0,0,1,1,1.000000
1960,33,368.292053,189.194687,0,0,1,1,1.000000
1965,33,360.892578,168.796036,0,0,1,1,1.000000
1970,33,353.083588,149.475266,0,0,1,1,1.000000
1975,33,380.711761,128.855331,0,0,1,1,1.000000
1980,33,340.385071,128.93898,0,0,1,1,1.000000
1940,34,356.121765,852.34436,0,0,1,1,1.000000
1945,34,357.221161,853.02594,0,0,1,1,1.000000
1950,34,356.587952,852.990845,0,0,1,1,1.000000
1955,34,356.586731,853.044983,0,0,1,1,1.000000
1960,34,353.521271,854.236755,0,0,1,1,1.000000
1965,34,356.245209,852.727722,0,0,1,1,1.000000
1970,34,356.492828,852.704773,0,0,1,1,1.000000
1975,34,356.252014,852.805908,0,0,1,1,1.000000
1980,34,356.23645,852.550476,0,0,1,1,1.000000
1985,34,384.593048,864.881104,0,0,1,1,1.000000
1990,34,384.593079,864.857605,0,0,1,1,1.000000
1995,34,384.444916,864.858887,0,0,1,1,1.000000
1940,35,460.974121,292.522797,0,0,1,1,1.000000
1945,35,456.868927,260.994171,0,0,1,1,1.000000
1950,35,452.736969,236.77951,0,0,1,1,1.000000
1955,35,448.470245,205.243958,0,0,1,1,1.000000
1960,35,440.078705,177.256866,0,0,1,1,1.000000
1965,35,433.406464,157.64888,0,0,1,1,1.000000
1970,35,428.864899,125.116974,0,0,1,1,1.000000
1945,36,379.942078,869.101135,0,0,1,1,1.000000
1950,36,376.874908,869.284424,0,0,1,1,1.000000
1955,36,379.887146,868.724121,0,0,1,1,1.000000
1960,36,384.069824,869.212891,0,0,1,1,1.000000
1965,36,384.71759,864.802612,0,0,1,1,1.000000
1970,36,384.529694,864.874512,0,0,1,1,1.000000
1975,36,384.429962,864.882629,0,0,1,1,1.000000
1980,36,384.49234,864.820496,0,0,1,1,1.000000
1985,36,436.960144,908.892151,0,0,1,1,1.000000
1990,36,420.498932,932.628418,0,0,1,1,1.000000
1995,36,405.296417,952.730347,0,0,1,1,1.000000
1950,37,444.514404,929.068665,0,0,1,1,1.000000
1955,37,432.977264,949.270691,0,0,1,1,1.000000
1960,37,397.559601,952.754272,0,0,1,1,1.000000
1965,37,385.399353,973.369141,0,0,1,1,1.000000
1970,37,397.089996,1008.815125,0,0,1,1,1.000000
1975,37,365.020569,1017.152283,0,0,1,1,1.000000
1980,37,356.41571,1032.772583,0,0,1,1,1.000000
1985,37,345.239563,1057.521362,0,0,1,1,1.000000
1990,37,337.095001,1085.173218,0,0,1,1,1.000000
1995,37,325.638763,1104.741943,0,0,1,1,1.000000
1960,38,92.882896,501.371002,0,0,1,1,1.000000
1965,38,89.277008,477.525208,0,0,1,1,1.000000
1970,38,92.445724,457.02771,0,0,1,1,1.000000
1975,38,93.248505,433.33075,0,0,1,1,1.000000
1980,38,85.721306,416.758972,0,0,1,1,1.000000
1985,38,77.481575,405.820312,0,0,1,1,1.000000
1990,38,73.909271,385.082977,0,0,1,1,1.000000
1995,38,76.945381,357.440735,0,0,1,1,1.000000
1975,39,385.355164,1032.986206,0,0,1,1,1.000000
1980,39,376.942078,1056.645386,0,0,1,1,1.000000
1985,39,361.817383,1073.541504,0,0,1,1,1.000000
1990,39,384.256348,1101.397949,0,0,1,1,1.000000
1995,39,373.156799,1121.105103,0,0,1,1,1.000000
1990,40,353.189667,824.453247,0,0,1,1,1.000000
1995,40,352.545258,824.768311,0,0,1,1,1.000000
