0,1800,21,-1,-1,-1,-1,1,33.631607,922.397339,-1
0,1800,20,-1,-1,-1,-1,1,33.203453,897.284302,-1
0,1800,19,-1,-1,-1,-1,1,400.484039,833.827087,-1
0,1800,18,-1,-1,-1,-1,1,440.471161,829.316101,-1
0,1800,17,-1,-1,-1,-1,1,76.848366,492.569672,-1
0,1800,16,-1,-1,-1,-1,1,320.162231,812.841125,-1
0,1800,15,-1,-1,-1,-1,1,372.480347,764.9776,-1
0,1800,14,-1,-1,-1,-1,1,220.571777,629.165588,-1
0,1800,13,-1,-1,-1,-1,1,285.396912,1208.481567,-1
0,1800,12,-1,-1,-1,-1,1,389.202789,816.561523,-1
0,1800,11,-1,-1,-1,-1,1,237.530579,64.384872,-1
0,1800,10,-1,-1,-1,-1,1,309.618286,665.136597,-1
0,1800,9,-1,-1,-1,-1,1,264.48233,568.568604,-1
0,1800,8,-1,-1,-1,-1,1,292.633667,1109.425293,-1
0,1800,7,-1,-1,-1,-1,1,301.624115,569.047058,-1
0,1800,6,-1,-1,-1,-1,1,240.537506,533.243347,-1
0,1800,5,-1,-1,-1,-1,1,276.369415,669.21936,-1
0,1800,4,-1,-1,-1,-1,1,261.478333,500.841217,-1
0,1800,3,-1,-1,-1,-1,1,440.653778,604.983643,-1
0,1800,2,-1,-1,-1,-1,1,284.900482,532.808228,-1
0,1800,1,-1,-1,-1,-1,1,472.809021,636.785339,-1
0,1805,21,-1,-1,-1,-1,1,37.84156,920.891907,-1
0,1805,19,-1,-1,-1,-1,1,397.292969,837.481506,-1
0,1805,18,-1,-1,-1,-1,1,432.414124,832.975769,-1
0,1805,17,-1,-1,-1,-1,1,77.686035,460.955353,-1
0,1805,16,-1,-1,-1,-1,1,304.730713,824.706909,-1
0,1805,15,-1,-1,-1,-1,1,365.564606,744.712769,-1
0,1805,14,-1,-1,-1,-1,1,220.526398,629.056946,-1
0,1805,13,-1,-1,-1,-1,1,269.80481,1233.001709,-1
0,1805,12,-1,-1,-1,-1,1,373.757812,824.974609,-1
0,1805,10,-1,-1,-1,-1,1,309.446075,669.321289,-1
0,1805,9,-1,-1,-1,-1,1,264.456085,568.72345,-1
0,1805,8,-1,-1,-1,-1,1,272.603363,1140.838623,-1
0,1805,7,-1,-1,-1,-1,1,301.606262,568.93866,-1
0,1805,6,-1,-1,-1,-1,1,240.601562,533.402039,-1
0,1805,5,-1,-1,-1,-1,1,277.319183,664.776611,-1
0,1805,4,-1,-1,-1,-1,1,261.332214,500.961121,-1
0,1805,3,-1,-1,-1,-1,1,432.255402,613.457886,-1
0,1805,2,-1,-1,-1,-1,1,284.224792,532.930359,-1
0,1805,1,-1,-1,-1,-1,1,464.881989,628.942322,-1
0,1810,21,-1,-1,-1,-1,1,37.557281,920.474121,-1
0,1810,19,-1,-1,-1,-1,1,393.02774,844.722839,-1
0,1810,18,-1,-1,-1,-1,1,424.731018,837.411133,-1
0,1810,17,-1,-1,-1,-1,1,76.946182,436.699646,-1
0,1810,16,-1,-1,-1,-1,1,296.247894,840.311584,-1
0,1810,15,-1,-1,-1,-1,1,364.810638,720.808594,-1
0,1810,14,-1,-1,-1,-1,1,220.546631,629.026672,-1
0,1810,12,-1,-1,-1,-1,1,365.230652,832.65863,-1
0,1810,10,-1,-1,-1,-1,1,308.567535,668.981873,-1
0,1810,9,-1,-1,-1,-1,1,264.513092,568.593567,-1
0,1810,8,-1,-1,-1,-1,1,257.156769,1172.899414,-1
0,1810,7,-1,-1,-1,-1,1,301.682495,568.907043,-1
0,1810,6,-1,-1,-1,-1,1,240.692535,533.417847,-1
0,1810,5,-1,-1,-1,-1,1,276.795288,668.757507,-1
0,1810,4,-1,-1,-1,-1,1,261.15451,501.082611,-1
0,1810,3,-1,-1,-1,-1,1,424.485718,620.829895,-1
0,1810,2,-1,-1,-1,-1,1,284.403992,533.126465,-1
0,1810,1,-1,-1,-1,-1,1,464.326599,624.838135,-1
0,1815,23,-1,-1,-1,-1,1,448.577911,516.983459,-1
0,1815,22,-1,-1,-1,-1,1,444.756653,412.532196,-1
0,1815,21,-1,-1,-1,-1,1,40.61998,920.787537,-1
0,1815,19,-1,-1,-1,-1,1,388.413239,844.788391,-1
0,1815,18,-1,-1,-1,-1,1,424.971405,840.442383,-1
0,1815,17,-1,-1,-1,-1,1,84.48217,424.521484,-1
0,1815,16,-1,-1,-1,-1,1,285.084625,848.664124,-1
0,1815,15,-1,-1,-1,-1,1,357.7005,696.997925,-1
0,1815,14,-1,-1,-1,-1,1,220.536804,628.913452,-1
0,1815,13,-1,-1,-1,-1,1,244.318527,1260.911499,-1
0,1815,12,-1,-1,-1,-1,1,360.543427,833.024353,-1
0,1815,10,-1,-1,-1,-1,1,305.658295,668.226746,-1
0,1815,9,-1,-1,-1,-1,1,264.456268,568.729858,-1
0,1815,8,-1,-1,-1,-1,1,240.068771,1204.897461,-1
0,1815,7,-1,-1,-1,-1,1,301.627808,568.949158,-1
0,1815,6,-1,-1,-1,-1,1,240.140701,535.806824,-1
0,1815,5,-1,-1,-1,-1,1,276.914337,668.727478,-1
0,1815,4,-1,-1,-1,-1,1,260.741119,501.059631,-1
0,1815,3,-1,-1,-1,-1,1,420.770172,632.680908,-1
0,1815,2,-1,-1,-1,-1,1,284.727448,533.097778,-1
0,1815,1,-1,-1,-1,-1,1,460.38913,629.378235,-1
0,1820,23,-1,-1,-1,-1,1,428.620544,512.723999,-1
0,1820,22,-1,-1,-1,-1,1,428.622009,388.670441,-1
0,1820,21,-1,-1,-1,-1,1,41.250313,922.375977,-1
0,1820,20,-1,-1,-1,-1,1,37.288448,896.042969,-1
0,1820,19,-1,-1,-1,-1,1,384.358948,848.390808,-1
0,1820,18,-1,-1,-1,-1,1,424.406067,840.537292,-1
0,1820,17,-1,-1,-1,-1,1,88.463196,421.219177,-1
0,1820,16,-1,-1,-1,-1,1,277.433594,853.397156,-1
0,1820,15,-1,-1,-1,-1,1,353.252289,680.417603,-1
0,1820,14,-1,-1,-1,-1,1,220.630386,628.905762,-1
0,1820,13,-1,-1,-1,-1,1,236.802475,1288.812988,-1
0,1820,12,-1,-1,-1,-1,1,357.390747,840.701599,-1
0,1820,10,-1,-1,-1,-1,1,305.449707,668.647888,-1
0,1820,9,-1,-1,-1,-1,1,261.851868,569.046448,-1
0,1820,8,-1,-1,-1,-1,1,221.518021,1236.593384,-1
0,1820,7,-1,-1,-1,-1,1,301.66803,568.964172,-1
0,1820,6,-1,-1,-1,-1,1,240.624832,536.127014,-1
0,1820,5,-1,-1,-1,-1,1,276.816437,668.753906,-1
0,1820,4,-1,-1,-1,-1,1,261.288788,501.085663,-1
0,1820,3,-1,-1,-1,-1,1,416.089722,640.269531,-1
0,1820,2,-1,-1,-1,-1,1,285.278259,533.106079,-1
0,1820,1,-1,-1,-1,-1,1,452.738617,637.010864,-1
0,1825,23,-1,-1,-1,-1,1,405.001251,512.660828,-1
0,1825,22,-1,-1,-1,-1,1,412.749023,361.067322,-1
0,1825,21,-1,-1,-1,-1,1,37.171165,925.751038,-1
0,1825,19,-1,-1,-1,-1,1,384.465027,853.719482,-1
0,1825,18,-1,-1,-1,-1,1,420.559143,837.321167,-1
0,1825,17,-1,-1,-1,-1,1,92.286247,424.332733,-1
0,1825,16,-1,-1,-1,-1,1,284.927704,856.850342,-1
0,1825,15,-1,-1,-1,-1,1,352.267334,660.998474,-1
0,1825,14,-1,-1,-1,-1,1,220.6418,628.970093,-1
0,1825,12,-1,-1,-1,-1,1,356.444336,845.047058,-1
0,1825,10,-1,-1,-1,-1,1,308.726501,664.912048,-1
0,1825,9,-1,-1,-1,-1,1,261.950806,569.132385,-1
0,1825,7,-1,-1,-1,-1,1,301.453796,568.808472,-1
0,1825,6,-1,-1,-1,-1,1,240.691513,536.051636,-1
0,1825,5,-1,-1,-1,-1,1,277.485291,664.714905,-1
0,1825,4,-1,-1,-1,-1,1,261.023132,501.14624,-1
0,1825,3,-1,-1,-1,-1,1,408.533325,645.125,-1
0,1825,2,-1,-1,-1,-1,1,285.304962,532.528015,-1
0,1825,1,-1,-1,-1,-1,1,445.056366,637.552063,-1
0,1830,23,-1,-1,-1,-1,1,389.302185,512.636353,-1
0,1830,22,-1,-1,-1,-1,1,392.698914,340.627838,-1
0,1830,20,-1,-1,-1,-1,1,33.999706,894.183289,-1
0,1830,19,-1,-1,-1,-1,1,384.4617,853.651001,-1
0,1830,18,-1,-1,-1,-1,1,417.175079,837.0177,-1
0,1830,17,-1,-1,-1,-1,1,93.256752,432.727081,-1
0,1830,16,-1,-1,-1,-1,1,293.079315,869.271301,-1
0,1830,15,-1,-1,-1,-1,1,353.199554,648.053345,-1
0,1830,14,-1,-1,-1,-1,1,220.631027,628.887451,-1
0,1830,12,-1,-1,-1,-1,1,353.203552,841.063599,-1
0,1830,10,-1,-1,-1,-1,1,309.450226,664.797974,-1
0,1830,9,-1,-1,-1,-1,1,261.794434,568.916199,-1
0,1830,8,-1,-1,-1,-1,1,189.402298,1296.749878,-1
0,1830,7,-1,-1,-1,-1,1,301.557587,568.934814,-1
0,1830,6,-1,-1,-1,-1,1,240.773773,533.232788,-1
0,1830,5,-1,-1,-1,-1,1,276.981873,668.466797,-1
0,1830,4,-1,-1,-1,-1,1,261.112244,501.019714,-1
0,1830,3,-1,-1,-1,-1,1,405.138977,648.683472,-1
0,1830,2,-1,-1,-1,-1,1,285.632599,528.708862,-1
0,1830,1,-1,-1,-1,-1,1,436.78006,637.448853,-1
0,1835,23,-1,-1,-1,-1,1,376.614838,501.515503,-1
0,1835,22,-1,-1,-1,-1,1,381.125763,316.697601,-1
0,1835,19,-1,-1,-1,-1,1,381.578644,856.488281,-1
0,1835,18,-1,-1,-1,-1,1,413.567474,832.922058,-1
0,1835,17,-1,-1,-1,-1,1,85.68322,445.543762,-1
0,1835,16,-1,-1,-1,-1,1,304.545166,872.571106,-1
0,1835,15,-1,-1,-1,-1,1,357.513611,632.35907,-1
0,1835,14,-1,-1,-1,-1,1,220.684326,628.966919,-1
0,1835,12,-1,-1,-1,-1,1,353.26944,836.773376,-1
0,1835,10,-1,-1,-1,-1,1,309.783936,664.993164,-1
0,1835,9,-1,-1,-1,-1,1,261.774323,568.804993,-1
0,1835,7,-1,-1,-1,-1,1,301.697418,568.864075,-1
0,1835,6,-1,-1,-1,-1,1,241.526215,533.222229,-1
0,1835,5,-1,-1,-1,-1,1,276.961151,668.395691,-1
0,1835,4,-1,-1,-1,-1,1,260.920624,501.079498,-1
0,1835,3,-1,-1,-1,-1,1,400.764191,656.506409,-1
0,1835,2,-1,-1,-1,-1,1,285.612793,528.744019,-1
0,1835,1,-1,-1,-1,-1,1,432.651947,637.208435,-1
0,1840,23,-1,-1,-1,-1,1,365.732788,496.960815,-1
0,1840,22,-1,-1,-1,-1,1,368.499298,288.504547,-1
0,1840,19,-1,-1,-1,-1,1,381.737061,856.766418,-1
0,1840,18,-1,-1,-1,-1,1,408.668701,829.306519,-1
0,1840,17,-1,-1,-1,-1,1,80.293488,456.544525,-1
0,1840,16,-1,-1,-1,-1,1,320.218719,869.598083,-1
0,1840,15,-1,-1,-1,-1,1,364.73288,616.639832,-1
0,1840,14,-1,-1,-1,-1,1,217.408554,629.110901,-1
0,1840,12,-1,-1,-1,-1,1,356.718506,829.202515,-1
0,1840,10,-1,-1,-1,-1,1,308.638336,665.199402,-1
0,1840,9,-1,-1,-1,-1,1,261.704468,568.668335,-1
0,1840,7,-1,-1,-1,-1,1,301.571198,568.699829,-1
0,1840,6,-1,-1,-1,-1,1,240.796112,533.053894,-1
0,1840,5,-1,-1,-1,-1,1,276.8815,668.554932,-1
0,1840,4,-1,-1,-1,-1,1,261.262756,501.11972,-1
0,1840,3,-1,-1,-1,-1,1,396.932098,660.982544,-1
0,1840,2,-1,-1,-1,-1,1,288.362457,528.404907,-1
0,1840,1,-1,-1,-1,-1,1,425.571442,648.409302,-1
0,1845,23,-1,-1,-1,-1,1,357.022522,496.586212,-1
0,1845,22,-1,-1,-1,-1,1,356.860474,261.365814,-1
0,1845,19,-1,-1,-1,-1,1,385.197083,860.845398,-1
0,1845,18,-1,-1,-1,-1,1,408.255829,829.339844,-1
0,1845,17,-1,-1,-1,-1,1,77.316414,461.214172,-1
0,1845,16,-1,-1,-1,-1,1,332.697784,864.661133,-1
0,1845,15,-1,-1,-1,-1,1,364.932709,600.613342,-1
0,1845,14,-1,-1,-1,-1,1,217.430893,629.19812,-1
0,1845,12,-1,-1,-1,-1,1,356.49707,829.080139,-1
0,1845,10,-1,-1,-1,-1,1,308.137756,668.997009,-1
0,1845,9,-1,-1,-1,-1,1,261.768341,568.675598,-1
0,1845,7,-1,-1,-1,-1,1,301.332794,568.556946,-1
0,1845,6,-1,-1,-1,-1,1,240.673828,533.540955,-1
0,1845,5,-1,-1,-1,-1,1,276.794281,668.790161,-1
0,1845,4,-1,-1,-1,-1,1,261.491089,501.033966,-1
0,1845,3,-1,-1,-1,-1,1,388.514465,661.323792,-1
0,1845,2,-1,-1,-1,-1,1,288.476654,528.450195,-1
0,1845,1,-1,-1,-1,-1,1,417.047058,653.141113,-1
0,1850,23,-1,-1,-1,-1,1,348.161102,492.670776,-1
0,1850,22,-1,-1,-1,-1,1,340.769623,236.619659,-1
0,1850,19,-1,-1,-1,-1,1,388.379425,861.407227,-1
0,1850,18,-1,-1,-1,-1,1,405.614441,824.73999,-1
0,1850,17,-1,-1,-1,-1,1,77.357712,461.234528,-1
0,1850,16,-1,-1,-1,-1,1,340.37735,856.783386,-1
0,1850,15,-1,-1,-1,-1,1,368.604431,584.812561,-1
0,1850,14,-1,-1,-1,-1,1,217.241989,629.086853,-1
0,1850,12,-1,-1,-1,-1,1,357.220001,824.88092,-1
0,1850,10,-1,-1,-1,-1,1,307.997437,668.622131,-1
0,1850,9,-1,-1,-1,-1,1,261.820801,569.132751,-1
0,1850,7,-1,-1,-1,-1,1,301.656342,568.686218,-1
0,1850,6,-1,-1,-1,-1,1,240.58255,533.274902,-1
0,1850,5,-1,-1,-1,-1,1,276.976624,668.669617,-1
0,1850,4,-1,-1,-1,-1,1,261.119934,501.300262,-1
0,1850,3,-1,-1,-1,-1,1,384.093323,669.313782,-1
0,1850,2,-1,-1,-1,-1,1,288.607941,528.55542,-1
0,1850,1,-1,-1,-1,-1,1,409.451782,669.619934,-1
0,1855,23,-1,-1,-1,-1,1,344.196411,492.957947,-1
0,1855,22,-1,-1,-1,-1,1,328.793091,208.828232,-1
0,1855,19,-1,-1,-1,-1,1,388.625671,861.513062,-1
0,1855,18,-1,-1,-1,-1,1,408.108612,824.43042,-1
0,1855,17,-1,-1,-1,-1,1,77.276855,461.038177,-1
0,1855,16,-1,-1,-1,-1,1,341.395844,852.472595,-1
0,1855,15,-1,-1,-1,-1,1,372.395294,576.218506,-1
0,1855,14,-1,-1,-1,-1,1,217.336609,629.137085,-1
0,1855,12,-1,-1,-1,-1,1,355.958893,828.378357,-1
0,1855,10,-1,-1,-1,-1,1,308.585083,665.027954,-1
0,1855,9,-1,-1,-1,-1,1,264.431488,568.383484,-1
0,1855,7,-1,-1,-1,-1,1,301.694611,568.928223,-1
0,1855,6,-1,-1,-1,-1,1,240.758606,533.266724,-1
0,1855,5,-1,-1,-1,-1,1,276.988373,668.900085,-1
0,1855,4,-1,-1,-1,-1,1,260.283142,501.05368,-1
0,1855,3,-1,-1,-1,-1,1,376.36438,677.236877,-1
0,1855,2,-1,-1,-1,-1,1,288.556183,528.667969,-1
0,1855,1,-1,-1,-1,-1,1,396.951447,684.355713,-1
0,1860,23,-1,-1,-1,-1,1,344.179169,501.295105,-1
0,1860,22,-1,-1,-1,-1,1,317.10556,181.004272,-1
0,1860,19,-1,-1,-1,-1,1,388.47406,861.486511,-1
0,1860,18,-1,-1,-1,-1,1,408.315094,824.50061,-1
0,1860,17,-1,-1,-1,-1,1,77.023491,461.25824,-1
0,1860,16,-1,-1,-1,-1,1,344.174866,853.503479,-1
0,1860,15,-1,-1,-1,-1,1,373.464905,557.229858,-1
0,1860,14,-1,-1,-1,-1,1,220.395752,628.994507,-1
0,1860,12,-1,-1,-1,-1,1,353.394531,828.742737,-1
0,1860,10,-1,-1,-1,-1,1,308.580109,665.126953,-1
0,1860,9,-1,-1,-1,-1,1,264.697968,568.685303,-1
0,1860,7,-1,-1,-1,-1,1,301.540955,568.82605,-1
0,1860,6,-1,-1,-1,-1,1,240.605576,533.348633,-1
0,1860,5,-1,-1,-1,-1,1,277.029907,668.598145,-1
0,1860,4,-1,-1,-1,-1,1,259.981537,500.982056,-1
0,1860,3,-1,-1,-1,-1,1,364.862457,692.982849,-1
0,1860,2,-1,-1,-1,-1,1,288.500519,528.617676,-1
0,1860,1,-1,-1,-1,-1,1,389.133667,700.794495,-1
0,1865,24,-1,-1,-1,-1,1,468.934418,525.187805,-1
0,1865,23,-1,-1,-1,-1,1,345.045654,505.302246,-1
0,1865,22,-1,-1,-1,-1,1,312.796021,149.438507,-1
0,1865,20,-1,-1,-1,-1,1,28.835627,900.90155,-1
0,1865,19,-1,-1,-1,-1,1,388.323883,861.354004,-1
0,1865,18,-1,-1,-1,-1,1,408.417969,824.623962,-1
0,1865,17,-1,-1,-1,-1,1,76.580238,469.412384,-1
0,1865,16,-1,-1,-1,-1,1,344.410522,853.556763,-1
0,1865,15,-1,-1,-1,-1,1,377.467529,549.063843,-1
0,1865,14,-1,-1,-1,-1,1,220.380325,628.881653,-1
0,1865,12,-1,-1,-1,-1,1,353.283356,828.710999,-1
0,1865,10,-1,-1,-1,-1,1,305.523438,668.428223,-1
0,1865,9,-1,-1,-1,-1,1,264.792755,568.653503,-1
0,1865,7,-1,-1,-1,-1,1,301.749756,568.923096,-1
0,1865,6,-1,-1,-1,-1,1,241.343124,533.02179,-1
0,1865,5,-1,-1,-1,-1,1,277.03772,668.423706,-1
0,1865,4,-1,-1,-1,-1,1,268.327942,500.806946,-1
0,1865,3,-1,-1,-1,-1,1,349.365967,704.784973,-1
0,1865,2,-1,-1,-1,-1,1,285.717224,528.781189,-1
0,1865,1,-1,-1,-1,-1,1,381.44632,712.340759,-1
0,1870,24,-1,-1,-1,-1,1,456.173828,516.787537,-1
0,1870,23,-1,-1,-1,-1,1,349.395264,509.355225,-1
0,1870,22,-1,-1,-1,-1,1,304.977997,116.858604,-1
0,1870,19,-1,-1,-1,-1,1,388.332886,861.130432,-1
0,1870,18,-1,-1,-1,-1,1,408.412964,824.473083,-1
0,1870,17,-1,-1,-1,-1,1,76.767685,488.935455,-1
0,1870,16,-1,-1,-1,-1,1,345.549622,853.285767,-1
0,1870,15,-1,-1,-1,-1,1,380.211121,532.934387,-1
0,1870,14,-1,-1,-1,-1,1,220.627548,628.913025,-1
0,1870,12,-1,-1,-1,-1,1,353.333344,825.309998,-1
0,1870,10,-1,-1,-1,-1,1,308.531403,664.912231,-1
0,1870,9,-1,-1,-1,-1,1,265.057892,565.238525,-1
0,1870,7,-1,-1,-1,-1,1,301.501556,568.495544,-1
0,1870,6,-1,-1,-1,-1,1,241.585007,533.652893,-1
0,1870,5,-1,-1,-1,-1,1,276.92041,668.724426,-1
0,1870,4,-1,-1,-1,-1,1,276.548157,496.309296,-1
0,1870,3,-1,-1,-1,-1,1,337.204498,717.282654,-1
0,1870,2,-1,-1,-1,-1,1,288.585083,528.365967,-1
0,1870,1,-1,-1,-1,-1,1,368.503906,732.530701,-1
0,1875,24,-1,-1,-1,-1,1,444.658417,512.583923,-1
0,1875,23,-1,-1,-1,-1,1,349.904694,513.282898,-1
0,1875,19,-1,-1,-1,-1,1,388.491455,861.098083,-1
0,1875,18,-1,-1,-1,-1,1,408.690643,824.374023,-1
0,1875,17,-1,-1,-1,-1,1,68.96405,512.579773,-1
0,1875,16,-1,-1,-1,-1,1,352.267334,853.595825,-1
0,1875,15,-1,-1,-1,-1,1,380.491089,520.74939,-1
0,1875,14,-1,-1,-1,-1,1,220.608444,628.849976,-1
0,1875,12,-1,-1,-1,-1,1,353.403839,824.921631,-1
0,1875,10,-1,-1,-1,-1,1,308.064087,668.59491,-1
0,1875,9,-1,-1,-1,-1,1,265.411194,568.195862,-1
0,1875,7,-1,-1,-1,-1,1,301.407959,568.595154,-1
0,1875,6,-1,-1,-1,-1,1,241.375702,533.516174,-1
0,1875,5,-1,-1,-1,-1,1,276.880554,668.814026,-1
0,1875,4,-1,-1,-1,-1,1,276.805542,496.576538,-1
0,1875,3,-1,-1,-1,-1,1,329.011871,725.126099,-1
0,1875,2,-1,-1,-1,-1,1,288.517212,528.442688,-1
0,1875,1,-1,-1,-1,-1,1,353.173676,748.629944,-1
0,1880,25,-1,-1,-1,-1,1,465.178925,440.481323,-1
0,1880,24,-1,-1,-1,-1,1,433.062195,505.063721,-1
0,1880,23,-1,-1,-1,-1,1,348.566956,516.880188,-1
0,1880,19,-1,-1,-1,-1,1,388.642303,861.296936,-1
0,1880,18,-1,-1,-1,-1,1,408.549774,824.539246,-1
0,1880,17,-1,-1,-1,-1,1,68.565651,536.593994,-1
0,1880,16,-1,-1,-1,-1,1,353.175201,853.376892,-1
0,1880,15,-1,-1,-1,-1,1,380.385284,512.667786,-1
0,1880,14,-1,-1,-1,-1,1,220.555038,628.579346,-1
0,1880,12,-1,-1,-1,-1,1,353.133881,828.604614,-1
0,1880,10,-1,-1,-1,-1,1,305.250641,668.813354,-1
0,1880,9,-1,-1,-1,-1,1,265.04657,568.634827,-1
0,1880,7,-1,-1,-1,-1,1,301.265045,568.555786,-1
0,1880,6,-1,-1,-1,-1,1,241.027802,536.35553,-1
0,1880,5,-1,-1,-1,-1,1,276.79422,668.906372,-1
0,1880,4,-1,-1,-1,-1,1,272.488007,493.233673,-1
0,1880,3,-1,-1,-1,-1,1,309.499634,736.234436,-1
0,1880,2,-1,-1,-1,-1,1,288.596191,528.39978,-1
0,1880,1,-1,-1,-1,-1,1,333.004791,756.41626,-1
0,1885,25,-1,-1,-1,-1,1,461.557648,421.224457,-1
0,1885,24,-1,-1,-1,-1,1,421.109009,500.797729,-1
0,1885,23,-1,-1,-1,-1,1,345.271606,516.897339,-1
0,1885,19,-1,-1,-1,-1,1,388.29129,861.414124,-1
0,1885,18,-1,-1,-1,-1,1,408.497864,824.469177,-1
0,1885,17,-1,-1,-1,-1,1,69.272964,560.840393,-1
0,1885,16,-1,-1,-1,-1,1,357.167786,852.839783,-1
0,1885,15,-1,-1,-1,-1,1,377.231537,500.887421,-1
0,1885,14,-1,-1,-1,-1,1,220.602982,628.734436,-1
0,1885,12,-1,-1,-1,-1,1,356.015808,828.605713,-1
0,1885,10,-1,-1,-1,-1,1,308.506317,664.798096,-1
0,1885,9,-1,-1,-1,-1,1,264.751404,568.86261,-1
0,1885,7,-1,-1,-1,-1,1,301.16095,568.420227,-1
0,1885,6,-1,-1,-1,-1,1,240.551682,533.431458,-1
0,1885,5,-1,-1,-1,-1,1,276.489929,668.981812,-1
0,1885,4,-1,-1,-1,-1,1,264.105713,495.714935,-1
0,1885,3,-1,-1,-1,-1,1,292.733032,736.460266,-1
0,1885,2,-1,-1,-1,-1,1,288.608948,528.35083,-1
0,1885,1,-1,-1,-1,-1,1,312.347534,765.103821,-1
0,1890,25,-1,-1,-1,-1,1,453.312653,413.049622,-1
0,1890,24,-1,-1,-1,-1,1,408.462677,501.273346,-1
0,1890,23,-1,-1,-1,-1,1,345.154846,516.96228,-1
0,1890,20,-1,-1,-1,-1,1,77.71299,804.493164,-1
0,1890,19,-1,-1,-1,-1,1,388.53006,861.483154,-1
0,1890,18,-1,-1,-1,-1,1,405.623718,824.777954,-1
0,1890,17,-1,-1,-1,-1,1,68.611496,588.925537,-1
0,1890,16,-1,-1,-1,-1,1,356.65686,852.801392,-1
0,1890,15,-1,-1,-1,-1,1,372.59549,488.594147,-1
0,1890,14,-1,-1,-1,-1,1,217.216675,629.109497,-1
0,1890,12,-1,-1,-1,-1,1,356.182587,828.85376,-1
0,1890,10,-1,-1,-1,-1,1,309.04129,664.520325,-1
0,1890,9,-1,-1,-1,-1,1,265.147156,572.926453,-1
0,1890,7,-1,-1,-1,-1,1,301.311829,568.544373,-1
0,1890,6,-1,-1,-1,-1,1,240.782181,532.80658,-1
0,1890,5,-1,-1,-1,-1,1,276.92923,668.537109,-1
0,1890,4,-1,-1,-1,-1,1,256.828979,496.677734,-1
0,1890,3,-1,-1,-1,-1,1,269.788849,728.62677,-1
0,1890,2,-1,-1,-1,-1,1,288.879395,528.621887,-1
0,1890,1,-1,-1,-1,-1,1,285.295044,760.631531,-1
0,1895,26,-1,-1,-1,-1,1,452.718628,460.423676,-1
0,1895,25,-1,-1,-1,-1,1,445.733795,397.33606,-1
0,1895,24,-1,-1,-1,-1,1,396.951813,497.064758,-1
0,1895,23,-1,-1,-1,-1,1,345.45639,517.703247,-1
0,1895,21,-1,-1,-1,-1,1,89.701828,789.595154,-1
0,1895,20,-1,-1,-1,-1,1,64.275368,789.209717,-1
0,1895,19,-1,-1,-1,-1,1,388.421509,861.402039,-1
0,1895,18,-1,-1,-1,-1,1,408.441681,824.644531,-1
0,1895,17,-1,-1,-1,-1,1,68.607231,616.78186,-1
0,1895,16,-1,-1,-1,-1,1,356.447479,852.603394,-1
0,1895,15,-1,-1,-1,-1,1,360.987488,477.30481,-1
0,1895,14,-1,-1,-1,-1,1,220.526917,629.051575,-1
0,1895,12,-1,-1,-1,-1,1,356.388123,828.905823,-1
0,1895,10,-1,-1,-1,-1,1,309.17984,665.097107,-1
0,1895,9,-1,-1,-1,-1,1,253.691177,713.086487,-1
0,1895,7,-1,-1,-1,-1,1,300.987274,568.42572,-1
0,1895,6,-1,-1,-1,-1,1,240.601837,533.51416,-1
0,1895,5,-1,-1,-1,-1,1,277.02356,668.369446,-1
0,1895,4,-1,-1,-1,-1,1,264.820923,569.150391,-1
0,1895,3,-1,-1,-1,-1,1,256.420349,748.892273,-1
0,1895,2,-1,-1,-1,-1,1,288.620422,528.677124,-1
0,1900,28,-1,-1,-1,-1,1,264.390686,500.986145,-1
0,1900,27,-1,-1,-1,-1,1,461.075043,836.587036,-1
0,1900,26,-1,-1,-1,-1,1,441.57254,453.127869,-1
0,1900,25,-1,-1,-1,-1,1,437.217682,388.704529,-1
0,1900,24,-1,-1,-1,-1,1,385.624573,493.598572,-1
0,1900,23,-1,-1,-1,-1,1,345.615662,517.565918,-1
0,1900,21,-1,-1,-1,-1,1,97.231331,773.37085,-1
0,1900,20,-1,-1,-1,-1,1,61.046265,773.345703,-1
0,1900,19,-1,-1,-1,-1,1,388.781586,861.470276,-1
0,1900,18,-1,-1,-1,-1,1,408.902008,829.071777,-1
0,1900,17,-1,-1,-1,-1,1,61.431927,645.150696,-1
0,1900,16,-1,-1,-1,-1,1,353.552734,850.27478,-1
0,1900,15,-1,-1,-1,-1,1,353.13562,468.987732,-1
0,1900,14,-1,-1,-1,-1,1,220.562378,629.318176,-1
0,1900,12,-1,-1,-1,-1,1,356.906067,829.00061,-1
0,1900,10,-1,-1,-1,-1,1,308.635437,668.684326,-1
0,1900,9,-1,-1,-1,-1,1,237.580704,697.1698,-1
0,1900,7,-1,-1,-1,-1,1,301.412109,568.46106,-1
0,1900,6,-1,-1,-1,-1,1,241.283142,533.196472,-1
0,1900,5,-1,-1,-1,-1,1,277.071198,668.47699,-1
0,1900,4,-1,-1,-1,-1,1,264.562897,568.732422,-1
0,1900,3,-1,-1,-1,-1,1,229.608871,732.877258,-1
0,1900,2,-1,-1,-1,-1,1,288.760498,528.60791,-1
0,1905,28,-1,-1,-1,-1,1,268.548431,504.390442,-1
0,1905,27,-1,-1,-1,-1,1,449.052765,852.798523,-1
0,1905,26,-1,-1,-1,-1,1,432.859497,444.907196,-1
0,1905,25,-1,-1,-1,-1,1,429.414215,380.968994,-1
0,1905,24,-1,-1,-1,-1,1,372.772369,484.868561,-1
0,1905,23,-1,-1,-1,-1,1,356.95224,524.970276,-1
0,1905,21,-1,-1,-1,-1,1,97.31691,745.18158,-1
0,1905,20,-1,-1,-1,-1,1,68.592506,757.164612,-1
0,1905,19,-1,-1,-1,-1,1,477.653137,869.773071,-1
0,1905,18,-1,-1,-1,-1,1,408.220886,825.028992,-1
0,1905,17,-1,-1,-1,-1,1,61.314053,672.579651,-1
0,1905,16,-1,-1,-1,-1,1,388.263336,864.101929,-1
0,1905,15,-1,-1,-1,-1,1,341.067657,461.254303,-1
0,1905,14,-1,-1,-1,-1,1,220.181564,628.967712,-1
0,1905,12,-1,-1,-1,-1,1,356.159027,824.88092,-1
0,1905,10,-1,-1,-1,-1,1,308.192841,668.727234,-1
0,1905,9,-1,-1,-1,-1,1,216.690659,677.003174,-1
0,1905,6,-1,-1,-1,-1,1,241.440582,534.020874,-1
0,1905,5,-1,-1,-1,-1,1,277.29715,669.220581,-1
0,1905,4,-1,-1,-1,-1,1,301.184418,568.498901,-1
0,1905,3,-1,-1,-1,-1,1,208.737473,713.254089,-1
0,1905,2,-1,-1,-1,-1,1,288.186066,528.463928,-1
0,1905,1,-1,-1,-1,-1,1,354.016113,846.561096,-1
0,1910,30,-1,-1,-1,-1,1,28.893343,244.649841,-1
0,1910,29,-1,-1,-1,-1,1,444.235931,733.387268,-1
0,1910,28,-1,-1,-1,-1,1,268.594543,504.358215,-1
0,1910,27,-1,-1,-1,-1,1,461.661072,881.218079,-1
0,1910,26,-1,-1,-1,-1,1,421.164673,417.388367,-1
0,1910,25,-1,-1,-1,-1,1,421.339996,372.959229,-1
0,1910,24,-1,-1,-1,-1,1,353.674652,481.009766,-1
0,1910,23,-1,-1,-1,-1,1,368.72168,525.505554,-1
0,1910,21,-1,-1,-1,-1,1,101.304329,724.476685,-1
0,1910,20,-1,-1,-1,-1,1,72.744781,732.995544,-1
0,1910,19,-1,-1,-1,-1,1,436.742645,864.463867,-1
0,1910,18,-1,-1,-1,-1,1,408.170929,824.63678,-1
0,1910,17,-1,-1,-1,-1,1,48.564194,700.80896,-1
0,1910,16,-1,-1,-1,-1,1,381.022095,868.534363,-1
0,1910,15,-1,-1,-1,-1,1,328.682648,452.780304,-1
0,1910,14,-1,-1,-1,-1,1,220.924118,628.807983,-1
0,1910,12,-1,-1,-1,-1,1,353.647217,829.169067,-1
0,1910,10,-1,-1,-1,-1,1,308.249664,668.956726,-1
0,1910,9,-1,-1,-1,-1,1,200.327484,653.122375,-1
0,1910,7,-1,-1,-1,-1,1,301.071533,568.708679,-1
0,1910,6,-1,-1,-1,-1,1,240.868103,533.034241,-1
0,1910,5,-1,-1,-1,-1,1,277.450867,673.235535,-1
0,1910,3,-1,-1,-1,-1,1,192.604614,689.291504,-1
0,1910,2,-1,-1,-1,-1,1,288.509766,528.654846,-1
0,1910,1,-1,-1,-1,-1,1,353.507843,850.615601,-1
0,1915,30,-1,-1,-1,-1,1,33.178009,248.700943,-1
0,1915,29,-1,-1,-1,-1,1,420.519531,736.320679,-1
0,1915,28,-1,-1,-1,-1,1,268.792206,500.806091,-1
0,1915,27,-1,-1,-1,-1,1,444.155151,901.079285,-1
0,1915,26,-1,-1,-1,-1,1,473.983093,453.545624,-1
0,1915,25,-1,-1,-1,-1,1,413.43573,360.82254,-1
0,1915,24,-1,-1,-1,-1,1,340.555359,476.66449,-1
0,1915,23,-1,-1,-1,-1,1,381.772797,537.036926,-1
0,1915,21,-1,-1,-1,-1,1,173.032547,668.487061,-1
0,1915,20,-1,-1,-1,-1,1,77.890404,712.905457,-1
0,1915,19,-1,-1,-1,-1,1,424.476196,885.286011,-1
0,1915,18,-1,-1,-1,-1,1,405.597687,825.144897,-1
0,1915,17,-1,-1,-1,-1,1,108.760864,696.756714,-1
0,1915,16,-1,-1,-1,-1,1,380.306,868.876099,-1
0,1915,15,-1,-1,-1,-1,1,317.071136,445.169342,-1
0,1915,14,-1,-1,-1,-1,1,220.775223,628.99585,-1
0,1915,12,-1,-1,-1,-1,1,353.412415,829.021118,-1
0,1915,10,-1,-1,-1,-1,1,305.310944,669.285889,-1
0,1915,9,-1,-1,-1,-1,1,189.431046,632.782104,-1
0,1915,7,-1,-1,-1,-1,1,304.275543,573.295105,-1
0,1915,6,-1,-1,-1,-1,1,240.981781,533.371155,-1
0,1915,5,-1,-1,-1,-1,1,277.001221,668.833557,-1
0,1915,4,-1,-1,-1,-1,1,264.528687,568.787476,-1
0,1915,2,-1,-1,-1,-1,1,288.471405,528.655579,-1
0,1915,1,-1,-1,-1,-1,1,356.360992,848.829346,-1
0,1920,32,-1,-1,-1,-1,1,404.372894,380.634949,-1
0,1920,31,-1,-1,-1,-1,1,456.457153,712.520447,-1
0,1920,30,-1,-1,-1,-1,1,37.469135,253.219254,-1
0,1920,29,-1,-1,-1,-1,1,392.745087,736.97052,-1
0,1920,28,-1,-1,-1,-1,1,268.558502,500.762421,-1
0,1920,27,-1,-1,-1,-1,1,428.151245,924.730042,-1
0,1920,26,-1,-1,-1,-1,1,452.69928,421.102478,-1
0,1920,25,-1,-1,-1,-1,1,405.305115,349.215424,-1
0,1920,24,-1,-1,-1,-1,1,324.567078,472.13269,-1
0,1920,23,-1,-1,-1,-1,1,397.648895,545.176331,-1
0,1920,21,-1,-1,-1,-1,1,157.521988,640.641541,-1
0,1920,20,-1,-1,-1,-1,1,108.599472,677.130737,-1
0,1920,19,-1,-1,-1,-1,1,408.614777,904.844238,-1
0,1920,18,-1,-1,-1,-1,1,404.843536,836.577332,-1
0,1920,17,-1,-1,-1,-1,1,80.61821,685.417236,-1
0,1920,16,-1,-1,-1,-1,1,379.945251,869.260376,-1
0,1920,15,-1,-1,-1,-1,1,300.73291,437.143402,-1
0,1920,14,-1,-1,-1,-1,1,220.578751,629.280029,-1
0,1920,12,-1,-1,-1,-1,1,353.25827,828.859558,-1
0,1920,10,-1,-1,-1,-1,1,305.2565,668.867615,-1
0,1920,9,-1,-1,-1,-1,1,180.499191,605.483215,-1
0,1920,7,-1,-1,-1,-1,1,301.273895,568.743042,-1
0,1920,6,-1,-1,-1,-1,1,241.534485,533.54248,-1
0,1920,5,-1,-1,-1,-1,1,277.307526,668.805237,-1
0,1920,4,-1,-1,-1,-1,1,261.714325,568.598083,-1
0,1920,2,-1,-1,-1,-1,1,288.327667,532.558105,-1
0,1920,1,-1,-1,-1,-1,1,356.58609,848.902283,-1
0,1925,32,-1,-1,-1,-1,1,396.848083,360.443878,-1
0,1925,31,-1,-1,-1,-1,1,432.319092,717.234009,-1
0,1925,30,-1,-1,-1,-1,1,44.459049,256.558929,-1
0,1925,29,-1,-1,-1,-1,1,365.525024,736.700378,-1
0,1925,28,-1,-1,-1,-1,1,268.764801,500.736023,-1
0,1925,27,-1,-1,-1,-1,1,410.6362,941.494812,-1
0,1925,26,-1,-1,-1,-1,1,477.843323,414.364594,-1
0,1925,25,-1,-1,-1,-1,1,440.630615,400.412231,-1
0,1925,24,-1,-1,-1,-1,1,309.552307,464.795807,-1
0,1925,23,-1,-1,-1,-1,1,408.530426,556.792847,-1
0,1925,21,-1,-1,-1,-1,1,141.522018,601.191101,-1
0,1925,20,-1,-1,-1,-1,1,105.968964,654.359985,-1
0,1925,19,-1,-1,-1,-1,1,397.097107,924.771851,-1
0,1925,18,-1,-1,-1,-1,1,405.663879,821.216858,-1
0,1925,17,-1,-1,-1,-1,1,77.501312,661.561646,-1
0,1925,16,-1,-1,-1,-1,1,380.712097,865.039856,-1
0,1925,15,-1,-1,-1,-1,1,284.490265,436.873383,-1
0,1925,14,-1,-1,-1,-1,1,220.375443,629.217041,-1
0,1925,12,-1,-1,-1,-1,1,353.220276,828.751526,-1
0,1925,10,-1,-1,-1,-1,1,305.051758,668.749146,-1
0,1925,9,-1,-1,-1,-1,1,172.666748,581.28772,-1
0,1925,7,-1,-1,-1,-1,1,301.650482,568.986633,-1
0,1925,6,-1,-1,-1,-1,1,240.68779,532.880127,-1
0,1925,5,-1,-1,-1,-1,1,277.332672,668.624878,-1
0,1925,4,-1,-1,-1,-1,1,265.059692,568.444763,-1
0,1925,2,-1,-1,-1,-1,1,285.607697,528.9198,-1
0,1925,1,-1,-1,-1,-1,1,353.379364,856.225403,-1
0,1930,33,-1,-1,-1,-1,1,397.084961,312.897583,-1
0,1930,32,-1,-1,-1,-1,1,389.225311,341.53653,-1
0,1930,31,-1,-1,-1,-1,1,405.824646,721.105225,-1
0,1930,30,-1,-1,-1,-1,1,48.698242,260.80307,-1
0,1930,29,-1,-1,-1,-1,1,336.352234,740.925903,-1
0,1930,28,-1,-1,-1,-1,1,264.874023,501.310486,-1
0,1930,27,-1,-1,-1,-1,1,400.4422,960.774414,-1
0,1930,26,-1,-1,-1,-1,1,460.255768,384.427094,-1
0,1930,25,-1,-1,-1,-1,1,429.35022,369.140717,-1
0,1930,24,-1,-1,-1,-1,1,293.02301,468.940186,-1
0,1930,23,-1,-1,-1,-1,1,416.833893,560.96637,-1
0,1930,21,-1,-1,-1,-1,1,136.509384,581.37207,-1
0,1930,20,-1,-1,-1,-1,1,105.661018,633.871033,-1
0,1930,19,-1,-1,-1,-1,1,385.111633,944.268188,-1
0,1930,18,-1,-1,-1,-1,1,405.479156,824.522705,-1
0,1930,17,-1,-1,-1,-1,1,80.505966,637.925659,-1
0,1930,16,-1,-1,-1,-1,1,380.889099,868.447632,-1
0,1930,15,-1,-1,-1,-1,1,269.559967,432.781281,-1
0,1930,14,-1,-1,-1,-1,1,220.512268,628.9104,-1
0,1930,12,-1,-1,-1,-1,1,353.108368,825.521667,-1
0,1930,10,-1,-1,-1,-1,1,305.471893,672.260437,-1
0,1930,9,-1,-1,-1,-1,1,165.26535,549.453369,-1
0,1930,7,-1,-1,-1,-1,1,301.270935,568.532654,-1
0,1930,6,-1,-1,-1,-1,1,244.170639,536.193787,-1
0,1930,5,-1,-1,-1,-1,1,277.137817,668.592651,-1
0,1930,4,-1,-1,-1,-1,1,265.708832,568.93219,-1
0,1930,2,-1,-1,-1,-1,1,284.979034,528.895935,-1
0,1930,1,-1,-1,-1,-1,1,356.30127,849.125122,-1
0,1935,33,-1,-1,-1,-1,1,395.964874,293.091034,-1
0,1935,32,-1,-1,-1,-1,1,380.788574,321.564117,-1
0,1935,31,-1,-1,-1,-1,1,377.069153,733.099182,-1
0,1935,30,-1,-1,-1,-1,1,48.35112,260.853851,-1
0,1935,29,-1,-1,-1,-1,1,312.530792,741.244751,-1
0,1935,28,-1,-1,-1,-1,1,265.206421,504.288605,-1
0,1935,27,-1,-1,-1,-1,1,388.70108,980.222412,-1
0,1935,26,-1,-1,-1,-1,1,452.644928,357.125061,-1
0,1935,25,-1,-1,-1,-1,1,425.053711,345.3367,-1
0,1935,24,-1,-1,-1,-1,1,276.586975,468.916901,-1
0,1935,23,-1,-1,-1,-1,1,424.794281,568.738831,-1
0,1935,21,-1,-1,-1,-1,1,132.062424,549.215576,-1
0,1935,20,-1,-1,-1,-1,1,104.677078,608.695801,-1
0,1935,19,-1,-1,-1,-1,1,368.531219,965.177795,-1
0,1935,18,-1,-1,-1,-1,1,405.3927,824.731384,-1
0,1935,17,-1,-1,-1,-1,1,76.865631,617.210632,-1
0,1935,16,-1,-1,-1,-1,1,473.838867,853.171753,-1
0,1935,15,-1,-1,-1,-1,1,248.695312,436.716034,-1
0,1935,14,-1,-1,-1,-1,1,220.516556,628.852478,-1
0,1935,12,-1,-1,-1,-1,1,353.063507,825.010315,-1
0,1935,10,-1,-1,-1,-1,1,309.664093,672.993042,-1
0,1935,9,-1,-1,-1,-1,1,160.604645,525.172302,-1
0,1935,7,-1,-1,-1,-1,1,301.411774,568.57312,-1
0,1935,6,-1,-1,-1,-1,1,244.85022,536.560791,-1
0,1935,5,-1,-1,-1,-1,1,276.919769,669.048889,-1
0,1935,4,-1,-1,-1,-1,1,265.127747,569.335449,-1
0,1935,2,-1,-1,-1,-1,1,285.717651,528.636292,-1
0,1935,1,-1,-1,-1,-1,1,381.747467,865.115845,-1
0,1940,35,-1,-1,-1,-1,1,460.974121,292.522797,-1
0,1940,34,-1,-1,-1,-1,1,356.121765,852.34436,-1
0,1940,33,-1,-1,-1,-1,1,392.351227,272.414673,-1
0,1940,32,-1,-1,-1,-1,1,376.263947,301.198151,-1
0,1940,31,-1,-1,-1,-1,1,356.693726,728.451599,-1
0,1940,30,-1,-1,-1,-1,1,48.108826,261.149902,-1
0,1940,29,-1,-1,-1,-1,1,288.432159,741.517578,-1
0,1940,28,-1,-1,-1,-1,1,268.434143,504.147827,-1
0,1940,27,-1,-1,-1,-1,1,376.388275,997.417114,-1
0,1940,26,-1,-1,-1,-1,1,444.585083,336.432617,-1
0,1940,25,-1,-1,-1,-1,1,421.335815,321.250916,-1
0,1940,24,-1,-1,-1,-1,1,268.311707,468.438141,-1
0,1940,23,-1,-1,-1,-1,1,425.069885,572.991577,-1
0,1940,21,-1,-1,-1,-1,1,125.418251,524.72052,-1
0,1940,20,-1,-1,-1,-1,1,101.098625,588.367126,-1
0,1940,19,-1,-1,-1,-1,1,356.655731,984.847351,-1
0,1940,18,-1,-1,-1,-1,1,404.393127,824.573059,-1
0,1940,17,-1,-1,-1,-1,1,69.373055,597.098877,-1
0,1940,16,-1,-1,-1,-1,1,456.666138,869.190613,-1
0,1940,15,-1,-1,-1,-1,1,232.494614,432.753052,-1
0,1940,14,-1,-1,-1,-1,1,220.418121,628.943909,-1
0,1940,12,-1,-1,-1,-1,1,352.870178,828.678162,-1
0,1940,10,-1,-1,-1,-1,1,309.194305,676.47699,-1
0,1940,9,-1,-1,-1,-1,1,152.560364,501.916351,-1
0,1940,7,-1,-1,-1,-1,1,301.467957,568.584351,-1
0,1940,6,-1,-1,-1,-1,1,240.815979,536.046265,-1
0,1940,5,-1,-1,-1,-1,1,276.819061,668.729126,-1
0,1940,4,-1,-1,-1,-1,1,264.849335,568.556396,-1
0,1940,2,-1,-1,-1,-1,1,288.249847,528.163574,-1
0,1940,1,-1,-1,-1,-1,1,478.046844,890.100037,-1
0,1945,36,-1,-1,-1,-1,1,379.942078,869.101135,-1
0,1945,35,-1,-1,-1,-1,1,456.868927,260.994171,-1
0,1945,34,-1,-1,-1,-1,1,357.221161,853.02594,-1
0,1945,33,-1,-1,-1,-1,1,388.878235,253.236542,-1
0,1945,32,-1,-1,-1,-1,1,368.208435,277.086975,-1
0,1945,31,-1,-1,-1,-1,1,328.492859,733.040222,-1
0,1945,30,-1,-1,-1,-1,1,48.237591,261.053223,-1
0,1945,29,-1,-1,-1,-1,1,261.681305,744.95752,-1
0,1945,28,-1,-1,-1,-1,1,265.291351,500.991913,-1
0,1945,27,-1,-1,-1,-1,1,360.444763,1020.711975,-1
0,1945,26,-1,-1,-1,-1,1,441.258301,309.136139,-1
0,1945,25,-1,-1,-1,-1,1,416.703186,296.733246,-1
0,1945,24,-1,-1,-1,-1,1,252.743286,469.165924,-1
0,1945,23,-1,-1,-1,-1,1,425.299988,576.167358,-1
0,1945,21,-1,-1,-1,-1,1,120.956055,489.68573,-1
0,1945,20,-1,-1,-1,-1,1,100.388687,565.184998,-1
0,1945,19,-1,-1,-1,-1,1,344.670929,1004.698608,-1
0,1945,18,-1,-1,-1,-1,1,405.058472,824.604797,-1
0,1945,17,-1,-1,-1,-1,1,69.445786,573.244629,-1
0,1945,16,-1,-1,-1,-1,1,473.481537,857.67218,-1
0,1945,15,-1,-1,-1,-1,1,212.873138,437.152557,-1
0,1945,14,-1,-1,-1,-1,1,220.632034,628.700806,-1
0,1945,12,-1,-1,-1,-1,1,352.706329,825.16217,-1
0,1945,10,-1,-1,-1,-1,1,309.425629,672.289429,-1
0,1945,9,-1,-1,-1,-1,1,144.378036,468.982605,-1
0,1945,7,-1,-1,-1,-1,1,301.109772,568.492859,-1
0,1945,6,-1,-1,-1,-1,1,240.728485,533.365356,-1
0,1945,5,-1,-1,-1,-1,1,280.199158,669.067322,-1
0,1945,4,-1,-1,-1,-1,1,264.459747,568.57135,-1
0,1945,2,-1,-1,-1,-1,1,288.214996,528.429077,-1
0,1945,1,-1,-1,-1,-1,1,444.253906,893.432739,-1
0,1950,37,-1,-1,-1,-1,1,444.514404,929.068665,-1
0,1950,36,-1,-1,-1,-1,1,376.874908,869.284424,-1
0,1950,35,-1,-1,-1,-1,1,452.736969,236.77951,-1
0,1950,34,-1,-1,-1,-1,1,356.587952,852.990845,-1
0,1950,33,-1,-1,-1,-1,1,381.774628,229.111893,-1
0,1950,32,-1,-1,-1,-1,1,360.452209,253.626801,-1
0,1950,31,-1,-1,-1,-1,1,301.589539,728.940186,-1
0,1950,30,-1,-1,-1,-1,1,48.428688,261.56488,-1
0,1950,29,-1,-1,-1,-1,1,236.481583,748.990112,-1
0,1950,28,-1,-1,-1,-1,1,264.929016,501.25412,-1
0,1950,27,-1,-1,-1,-1,1,348.522247,1040.518799,-1
0,1950,26,-1,-1,-1,-1,1,440.154327,281.138245,-1
0,1950,25,-1,-1,-1,-1,1,408.736816,269.156433,-1
0,1950,24,-1,-1,-1,-1,1,240.817444,472.504303,-1
0,1950,23,-1,-1,-1,-1,1,469.246948,560.780823,-1
0,1950,21,-1,-1,-1,-1,1,136.099228,440.583771,-1
0,1950,20,-1,-1,-1,-1,1,264.548035,568.549927,-1
0,1950,19,-1,-1,-1,-1,1,332.605225,1020.869507,-1
0,1950,18,-1,-1,-1,-1,1,404.612183,825.090271,-1
0,1950,17,-1,-1,-1,-1,1,69.718735,557.144836,-1
0,1950,16,-1,-1,-1,-1,1,453.4021,885.291504,-1
0,1950,15,-1,-1,-1,-1,1,197.57431,440.760742,-1
0,1950,14,-1,-1,-1,-1,1,220.574753,628.604919,-1
0,1950,12,-1,-1,-1,-1,1,352.687744,824.565918,-1
0,1950,10,-1,-1,-1,-1,1,305.512146,668.47345,-1
0,1950,9,-1,-1,-1,-1,1,112.112305,464.334595,-1
0,1950,7,-1,-1,-1,-1,1,301.216217,568.508728,-1
0,1950,6,-1,-1,-1,-1,1,241.115891,533.389343,-1
0,1950,5,-1,-1,-1,-1,1,276.40799,669.053711,-1
0,1950,4,-1,-1,-1,-1,1,424.662811,577.080505,-1
0,1950,2,-1,-1,-1,-1,1,285.858826,529.000549,-1
0,1950,1,-1,-1,-1,-1,1,425.312836,908.743958,-1
0,1955,37,-1,-1,-1,-1,1,432.977264,949.270691,-1
0,1955,36,-1,-1,-1,-1,1,379.887146,868.724121,-1
0,1955,35,-1,-1,-1,-1,1,448.470245,205.243958,-1
0,1955,34,-1,-1,-1,-1,1,356.586731,853.044983,-1
0,1955,33,-1,-1,-1,-1,1,372.3414,208.757599,-1
0,1955,32,-1,-1,-1,-1,1,356.927002,233.553574,-1
0,1955,31,-1,-1,-1,-1,1,277.507233,728.599609,-1
0,1955,30,-1,-1,-1,-1,1,48.406242,261.497437,-1
0,1955,29,-1,-1,-1,-1,1,212.556488,749.132141,-1
0,1955,28,-1,-1,-1,-1,1,265.113098,504.404449,-1
0,1955,27,-1,-1,-1,-1,1,336.739197,1060.90564,-1
0,1955,26,-1,-1,-1,-1,1,437.735962,249.152832,-1
0,1955,25,-1,-1,-1,-1,1,405.076691,245.710022,-1
0,1955,24,-1,-1,-1,-1,1,227.915421,476.652374,-1
0,1955,23,-1,-1,-1,-1,1,448.819183,560.630981,-1
0,1955,21,-1,-1,-1,-1,1,129.300217,412.849548,-1
0,1955,20,-1,-1,-1,-1,1,264.604919,568.613892,-1
0,1955,19,-1,-1,-1,-1,1,316.563232,1044.670532,-1
0,1955,18,-1,-1,-1,-1,1,404.654297,824.485657,-1
0,1955,17,-1,-1,-1,-1,1,69.623863,537.329468,-1
0,1955,16,-1,-1,-1,-1,1,440.793488,912.554626,-1
0,1955,15,-1,-1,-1,-1,1,180.143692,440.24234,-1
0,1955,14,-1,-1,-1,-1,1,220.172958,629.043152,-1
0,1955,12,-1,-1,-1,-1,1,352.8927,824.55719,-1
0,1955,10,-1,-1,-1,-1,1,305.633392,668.383667,-1
0,1955,9,-1,-1,-1,-1,1,101.273209,437.042084,-1
0,1955,7,-1,-1,-1,-1,1,301.588379,568.662598,-1
0,1955,6,-1,-1,-1,-1,1,241.59317,536.150635,-1
0,1955,5,-1,-1,-1,-1,1,277.013428,669.145691,-1
0,1955,4,-1,-1,-1,-1,1,424.144867,573.61377,-1
0,1955,2,-1,-1,-1,-1,1,285.952972,528.792175,-1
0,1955,1,-1,-1,-1,-1,1,413.340912,928.64624,-1
0,1960,38,-1,-1,-1,-1,1,92.882896,501.371002,-1
0,1960,37,-1,-1,-1,-1,1,397.559601,952.754272,-1
0,1960,36,-1,-1,-1,-1,1,384.069824,869.212891,-1
0,1960,35,-1,-1,-1,-1,1,440.078705,177.256866,-1
0,1960,34,-1,-1,-1,-1,1,353.521271,854.236755,-1
0,1960,33,-1,-1,-1,-1,1,368.292053,189.194687,-1
0,1960,32,-1,-1,-1,-1,1,348.772491,213.94075,-1
0,1960,31,-1,-1,-1,-1,1,252.948471,725.210876,-1
0,1960,30,-1,-1,-1,-1,1,48.561157,261.585022,-1
0,1960,29,-1,-1,-1,-1,1,188.735596,752.709229,-1
0,1960,28,-1,-1,-1,-1,1,265.304535,504.021423,-1
0,1960,27,-1,-1,-1,-1,1,321.324768,1080.823242,-1
0,1960,26,-1,-1,-1,-1,1,428.800934,217.681473,-1
0,1960,25,-1,-1,-1,-1,1,397.323578,216.999878,-1
0,1960,24,-1,-1,-1,-1,1,216.137436,477.059998,-1
0,1960,23,-1,-1,-1,-1,1,440.333862,557.582886,-1
0,1960,21,-1,-1,-1,-1,1,161.334061,444.463287,-1
0,1960,20,-1,-1,-1,-1,1,264.743042,568.638062,-1
0,1960,19,-1,-1,-1,-1,1,300.903473,1064.616089,-1
0,1960,18,-1,-1,-1,-1,1,401.265167,824.490601,-1
0,1960,17,-1,-1,-1,-1,1,68.694778,512.868958,-1
0,1960,15,-1,-1,-1,-1,1,124.81424,384.563202,-1
0,1960,14,-1,-1,-1,-1,1,220.529709,628.813904,-1
0,1960,12,-1,-1,-1,-1,1,352.597443,824.569275,-1
0,1960,10,-1,-1,-1,-1,1,304.949066,668.794495,-1
0,1960,9,-1,-1,-1,-1,1,93.332893,408.781158,-1
0,1960,7,-1,-1,-1,-1,1,301.224426,568.495911,-1
0,1960,6,-1,-1,-1,-1,1,241.280273,533.091553,-1
0,1960,5,-1,-1,-1,-1,1,277.002625,668.760559,-1
0,1960,4,-1,-1,-1,-1,1,416.78418,565.625916,-1
0,1960,2,-1,-1,-1,-1,1,288.48526,528.462952,-1
0,1960,1,-1,-1,-1,-1,1,432.47821,944.932434,-1
0,1965,38,-1,-1,-1,-1,1,89.277008,477.525208,-1
0,1965,37,-1,-1,-1,-1,1,385.399353,973.369141,-1
0,1965,36,-1,-1,-1,-1,1,384.71759,864.802612,-1
0,1965,35,-1,-1,-1,-1,1,433.406464,157.64888,-1
0,1965,34,-1,-1,-1,-1,1,356.245209,852.727722,-1
0,1965,33,-1,-1,-1,-1,1,360.892578,168.796036,-1
0,1965,32,-1,-1,-1,-1,1,344.888641,193.778122,-1
0,1965,31,-1,-1,-1,-1,1,225.150101,725.31189,-1
0,1965,30,-1,-1,-1,-1,1,48.444313,260.89679,-1
0,1965,29,-1,-1,-1,-1,1,161.030807,749.131531,-1
0,1965,28,-1,-1,-1,-1,1,265.312073,503.996155,-1
0,1965,27,-1,-1,-1,-1,1,309.394257,1101.324829,-1
0,1965,26,-1,-1,-1,-1,1,420.737488,193.996048,-1
0,1965,25,-1,-1,-1,-1,1,393.064941,189.544907,-1
0,1965,24,-1,-1,-1,-1,1,204.898895,480.427582,-1
0,1965,23,-1,-1,-1,-1,1,421.741241,540.783997,-1
0,1965,21,-1,-1,-1,-1,1,148.903976,445.199615,-1
0,1965,20,-1,-1,-1,-1,1,264.485046,568.598511,-1
0,1965,19,-1,-1,-1,-1,1,288.60437,1085.546753,-1
0,1965,18,-1,-1,-1,-1,1,404.518768,824.871643,-1
0,1965,17,-1,-1,-1,-1,1,64.54911,496.835297,-1
0,1965,16,-1,-1,-1,-1,1,429.203033,965.333374,-1
0,1965,15,-1,-1,-1,-1,1,121.305817,356.490692,-1
0,1965,14,-1,-1,-1,-1,1,220.144089,628.885193,-1
0,1965,12,-1,-1,-1,-1,1,353.070099,824.687134,-1
0,1965,10,-1,-1,-1,-1,1,304.587616,668.766113,-1
0,1965,9,-1,-1,-1,-1,1,92.965767,376.675079,-1
0,1965,7,-1,-1,-1,-1,1,301.548431,568.617676,-1
0,1965,6,-1,-1,-1,-1,1,240.791779,533.2724,-1
0,1965,5,-1,-1,-1,-1,1,276.934601,668.840393,-1
0,1965,4,-1,-1,-1,-1,1,408.307861,557.397766,-1
0,1965,2,-1,-1,-1,-1,1,288.568726,528.804443,-1
0,1965,1,-1,-1,-1,-1,1,408.468933,992.936157,-1
0,1970,38,-1,-1,-1,-1,1,92.445724,457.02771,-1
0,1970,37,-1,-1,-1,-1,1,397.089996,1008.815125,-1
0,1970,36,-1,-1,-1,-1,1,384.529694,864.874512,-1
0,1970,35,-1,-1,-1,-1,1,428.864899,125.116974,-1
0,1970,34,-1,-1,-1,-1,1,356.492828,852.704773,-1
0,1970,33,-1,-1,-1,-1,1,353.083588,149.475266,-1
0,1970,32,-1,-1,-1,-1,1,337.65509,173.593063,-1
0,1970,31,-1,-1,-1,-1,1,200.757034,725.24939,-1
0,1970,30,-1,-1,-1,-1,1,48.608269,260.978363,-1
0,1970,29,-1,-1,-1,-1,1,136.852036,749.330688,-1
0,1970,28,-1,-1,-1,-1,1,265.394806,503.995941,-1
0,1970,27,-1,-1,-1,-1,1,296.425232,1125.437744,-1
0,1970,26,-1,-1,-1,-1,1,409.420715,150.16655,-1
0,1970,25,-1,-1,-1,-1,1,388.590302,149.302704,-1
0,1970,24,-1,-1,-1,-1,1,192.695908,480.443878,-1
0,1970,23,-1,-1,-1,-1,1,409.896545,525.328735,-1
0,1970,21,-1,-1,-1,-1,1,133.844742,448.943207,-1
0,1970,20,-1,-1,-1,-1,1,264.748138,568.538879,-1
0,1970,19,-1,-1,-1,-1,1,276.990875,1104.924438,-1
0,1970,18,-1,-1,-1,-1,1,404.122559,824.413086,-1
0,1970,17,-1,-1,-1,-1,1,64.548592,472.484467,-1
0,1970,16,-1,-1,-1,-1,1,478.106049,846.106506,-1
0,1970,15,-1,-1,-1,-1,1,116.408981,325.25296,-1
0,1970,14,-1,-1,-1,-1,1,220.30127,628.991089,-1
0,1970,12,-1,-1,-1,-1,1,352.707916,825.111816,-1
0,1970,10,-1,-1,-1,-1,1,304.626282,668.680237,-1
0,1970,9,-1,-1,-1,-1,1,88.116867,349.212921,-1
0,1970,7,-1,-1,-1,-1,1,300.813446,572.554199,-1
0,1970,6,-1,-1,-1,-1,1,240.860565,533.45697,-1
0,1970,5,-1,-1,-1,-1,1,276.844696,668.918335,-1
0,1970,4,-1,-1,-1,-1,1,389.614014,537.028809,-1
0,1970,2,-1,-1,-1,-1,1,288.426117,528.605286,-1
0,1970,1,-1,-1,-1,-1,1,424.614746,997.699097,-1
0,1975,39,-1,-1,-1,-1,1,385.355164,1032.986206,-1
0,1975,38,-1,-1,-1,-1,1,93.248505,433.33075,-1
0,1975,37,-1,-1,-1,-1,1,365.020569,1017.152283,-1
0,1975,36,-1,-1,-1,-1,1,384.429962,864.882629,-1
0,1975,34,-1,-1,-1,-1,1,356.252014,852.805908,-1
0,1975,33,-1,-1,-1,-1,1,380.711761,128.855331,-1
0,1975,32,-1,-1,-1,-1,1,345.384827,141.238083,-1
0,1975,31,-1,-1,-1,-1,1,176.261536,725.256958,-1
0,1975,30,-1,-1,-1,-1,1,48.054356,261.066406,-1
0,1975,29,-1,-1,-1,-1,1,109.551064,752.31781,-1
0,1975,28,-1,-1,-1,-1,1,265.463287,504.164551,-1
0,1975,27,-1,-1,-1,-1,1,285.101562,1144.536499,-1
0,1975,26,-1,-1,-1,-1,1,404.385834,133.636154,-1
0,1975,24,-1,-1,-1,-1,1,185.100418,484.772766,-1
0,1975,23,-1,-1,-1,-1,1,396.455902,500.801453,-1
0,1975,21,-1,-1,-1,-1,1,117.127625,460.966736,-1
0,1975,20,-1,-1,-1,-1,1,264.697296,568.65155,-1
0,1975,19,-1,-1,-1,-1,1,261.690948,1128.905884,-1
0,1975,18,-1,-1,-1,-1,1,404.720581,824.645813,-1
0,1975,17,-1,-1,-1,-1,1,64.205887,448.15799,-1
0,1975,16,-1,-1,-1,-1,1,465.065002,864.752625,-1
0,1975,15,-1,-1,-1,-1,1,112.393173,296.720795,-1
0,1975,14,-1,-1,-1,-1,1,220.592957,628.724731,-1
0,1975,12,-1,-1,-1,-1,1,353.051361,824.598022,-1
0,1975,10,-1,-1,-1,-1,1,304.743713,668.883423,-1
0,1975,9,-1,-1,-1,-1,1,89.031517,317.170532,-1
0,1975,7,-1,-1,-1,-1,1,301.209076,568.516479,-1
0,1975,6,-1,-1,-1,-1,1,240.671356,533.285156,-1
0,1975,5,-1,-1,-1,-1,1,276.850067,668.84314,-1
0,1975,4,-1,-1,-1,-1,1,376.052551,517.073914,-1
0,1975,2,-1,-1,-1,-1,1,285.019501,532.439941,-1
0,1975,1,-1,-1,-1,-1,1,413.410767,1024.603394,-1
0,1980,39,-1,-1,-1,-1,1,376.942078,1056.645386,-1
0,1980,38,-1,-1,-1,-1,1,85.721306,416.758972,-1
0,1980,37,-1,-1,-1,-1,1,356.41571,1032.772583,-1
0,1980,36,-1,-1,-1,-1,1,384.49234,864.820496,-1
0,1980,34,-1,-1,-1,-1,1,356.23645,852.550476,-1
0,1980,33,-1,-1,-1,-1,1,340.385071,128.93898,-1
0,1980,32,-1,-1,-1,-1,1,317.358429,108.479218,-1
0,1980,31,-1,-1,-1,-1,1,152.344315,725.323853,-1
0,1980,30,-1,-1,-1,-1,1,48.345612,261.11731,-1
0,1980,29,-1,-1,-1,-1,1,88.438553,757.191895,-1
0,1980,28,-1,-1,-1,-1,1,265.384796,504.1698,-1
0,1980,27,-1,-1,-1,-1,1,272.404266,1164.580566,-1
0,1980,26,-1,-1,-1,-1,1,393.005341,105.466476,-1
0,1980,24,-1,-1,-1,-1,1,180.427277,484.785278,-1
0,1980,23,-1,-1,-1,-1,1,380.891388,477.937897,-1
0,1980,21,-1,-1,-1,-1,1,68.704453,432.956146,-1
0,1980,20,-1,-1,-1,-1,1,264.561005,568.624023,-1
0,1980,19,-1,-1,-1,-1,1,248.511856,1149.473877,-1
0,1980,18,-1,-1,-1,-1,1,404.67572,825.009705,-1
0,1980,17,-1,-1,-1,-1,1,109.111633,464.710724,-1
0,1980,16,-1,-1,-1,-1,1,452.674255,888.634766,-1
0,1980,15,-1,-1,-1,-1,1,109.11924,272.751831,-1
0,1980,14,-1,-1,-1,-1,1,217.296066,629.069702,-1
0,1980,12,-1,-1,-1,-1,1,353.003998,824.90387,-1
0,1980,10,-1,-1,-1,-1,1,304.60611,668.738281,-1
0,1980,9,-1,-1,-1,-1,1,84.577759,281.137299,-1
0,1980,7,-1,-1,-1,-1,1,301.266388,568.489014,-1
0,1980,6,-1,-1,-1,-1,1,240.706039,533.024597,-1
0,1980,5,-1,-1,-1,-1,1,277.026855,668.722961,-1
0,1980,4,-1,-1,-1,-1,1,360.151642,488.698975,-1
0,1980,2,-1,-1,-1,-1,1,288.457764,528.529419,-1
0,1980,1,-1,-1,-1,-1,1,405.090607,1048.414917,-1
0,1985,39,-1,-1,-1,-1,1,361.817383,1073.541504,-1
0,1985,38,-1,-1,-1,-1,1,77.481575,405.820312,-1
0,1985,37,-1,-1,-1,-1,1,345.239563,1057.521362,-1
0,1985,36,-1,-1,-1,-1,1,436.960144,908.892151,-1
0,1985,34,-1,-1,-1,-1,1,384.593048,864.881104,-1
0,1985,32,-1,-1,-1,-1,1,329.826019,108.934608,-1
0,1985,31,-1,-1,-1,-1,1,124.938293,725.435974,-1
0,1985,30,-1,-1,-1,-1,1,48.852295,261.411316,-1
0,1985,29,-1,-1,-1,-1,1,65.182869,760.556396,-1
0,1985,28,-1,-1,-1,-1,1,264.989655,500.984741,-1
0,1985,27,-1,-1,-1,-1,1,260.599457,1184.702026,-1
0,1985,24,-1,-1,-1,-1,1,173.547287,488.468781,-1
0,1985,23,-1,-1,-1,-1,1,368.254944,448.658203,-1
0,1985,21,-1,-1,-1,-1,1,93.279137,392.354492,-1
0,1985,20,-1,-1,-1,-1,1,264.4021,568.508728,-1
0,1985,19,-1,-1,-1,-1,1,233.282944,1172.762939,-1
0,1985,18,-1,-1,-1,-1,1,404.841309,829.041626,-1
0,1985,17,-1,-1,-1,-1,1,93.309647,472.291962,-1
0,1985,16,-1,-1,-1,-1,1,469.643738,912.517029,-1
0,1985,15,-1,-1,-1,-1,1,108.416306,240.795258,-1
0,1985,14,-1,-1,-1,-1,1,220.618607,628.837708,-1
0,1985,12,-1,-1,-1,-1,1,356.630707,848.659058,-1
0,1985,10,-1,-1,-1,-1,1,304.725128,668.894165,-1
0,1985,9,-1,-1,-1,-1,1,81.434906,253.029129,-1
0,1985,7,-1,-1,-1,-1,1,301.771545,569.068237,-1
0,1985,6,-1,-1,-1,-1,1,241.227997,535.964966,-1
0,1985,5,-1,-1,-1,-1,1,276.985199,668.255737,-1
0,1985,4,-1,-1,-1,-1,1,344.219421,464.831604,-1
0,1985,2,-1,-1,-1,-1,1,288.612183,528.642273,-1
0,1985,1,-1,-1,-1,-1,1,396.271637,1077.10144,-1
0,1990,40,-1,-1,-1,-1,1,353.189667,824.453247,-1
0,1990,39,-1,-1,-1,-1,1,384.256348,1101.397949,-1
0,1990,38,-1,-1,-1,-1,1,73.909271,385.082977,-1
0,1990,37,-1,-1,-1,-1,1,337.095001,1085.173218,-1
0,1990,36,-1,-1,-1,-1,1,420.498932,932.628418,-1
0,1990,34,-1,-1,-1,-1,1,384.593079,864.857605,-1
0,1990,32,-1,-1,-1,-1,1,316.846283,85.207504,-1
0,1990,31,-1,-1,-1,-1,1,100.86293,728.683105,-1
0,1990,30,-1,-1,-1,-1,1,48.814823,261.14743,-1
0,1990,29,-1,-1,-1,-1,1,52.483822,765.213318,-1
0,1990,28,-1,-1,-1,-1,1,265.29892,503.938446,-1
0,1990,27,-1,-1,-1,-1,1,245.329163,1208.396729,-1
0,1990,24,-1,-1,-1,-1,1,172.467667,485.021759,-1
0,1990,23,-1,-1,-1,-1,1,356.449829,420.894226,-1
0,1990,21,-1,-1,-1,-1,1,92.783684,372.931732,-1
0,1990,20,-1,-1,-1,-1,1,261.627197,568.252258,-1
0,1990,19,-1,-1,-1,-1,1,221.335266,1192.615356,-1
0,1990,18,-1,-1,-1,-1,1,404.643372,824.780212,-1
0,1990,17,-1,-1,-1,-1,1,77.806831,480.748779,-1
0,1990,16,-1,-1,-1,-1,1,460.164368,933.28009,-1
0,1990,15,-1,-1,-1,-1,1,101.395134,208.962524,-1
0,1990,14,-1,-1,-1,-1,1,220.466446,628.872253,-1
0,1990,12,-1,-1,-1,-1,1,356.427765,852.773499,-1
0,1990,10,-1,-1,-1,-1,1,305.152618,668.809021,-1
0,1990,9,-1,-1,-1,-1,1,76.689011,221.284729,-1
0,1990,7,-1,-1,-1,-1,1,301.444855,568.634888,-1
0,1990,6,-1,-1,-1,-1,1,240.531952,533.491028,-1
0,1990,5,-1,-1,-1,-1,1,277.102112,668.682434,-1
0,1990,4,-1,-1,-1,-1,1,328.647339,440.691376,-1
0,1990,2,-1,-1,-1,-1,1,288.637817,528.952576,-1
0,1995,40,-1,-1,-1,-1,1,352.545258,824.768311,-1
0,1995,39,-1,-1,-1,-1,1,373.156799,1121.105103,-1
0,1995,38,-1,-1,-1,-1,1,76.945381,357.440735,-1
0,1995,37,-1,-1,-1,-1,1,325.638763,1104.741943,-1
0,1995,36,-1,-1,-1,-1,1,405.296417,952.730347,-1
0,1995,34,-1,-1,-1,-1,1,384.444916,864.858887,-1
0,1995,31,-1,-1,-1,-1,1,80.292618,733.106201,-1
0,1995,30,-1,-1,-1,-1,1,48.17281,261.373779,-1
0,1995,28,-1,-1,-1,-1,1,268.739227,504.66864,-1
0,1995,27,-1,-1,-1,-1,1,232.414597,1232.489868,-1
0,1995,24,-1,-1,-1,-1,1,172.576569,484.940094,-1
0,1995,23,-1,-1,-1,-1,1,347.77359,396.579193,-1
0,1995,21,-1,-1,-1,-1,1,101.684547,345.120789,-1
0,1995,20,-1,-1,-1,-1,1,261.386292,568.629761,-1
0,1995,19,-1,-1,-1,-1,1,208.918854,1216.429688,-1
0,1995,18,-1,-1,-1,-1,1,401.424225,824.832214,-1
0,1995,17,-1,-1,-1,-1,1,64.743561,480.123199,-1
0,1995,16,-1,-1,-1,-1,1,444.869904,965.269043,-1
0,1995,15,-1,-1,-1,-1,1,96.567047,189.538239,-1
0,1995,14,-1,-1,-1,-1,1,220.262558,629.12085,-1
0,1995,12,-1,-1,-1,-1,1,353.103577,853.414185,-1
0,1995,10,-1,-1,-1,-1,1,304.389679,668.693237,-1
0,1995,9,-1,-1,-1,-1,1,69.026184,200.652481,-1
0,1995,7,-1,-1,-1,-1,1,301.439758,568.464111,-1
0,1995,6,-1,-1,-1,-1,1,240.325668,535.879395,-1
0,1995,5,-1,-1,-1,-1,1,273.159668,668.891052,-1
0,1995,4,-1,-1,-1,-1,1,317.271301,413.076721,-1
0,1995,2,-1,-1,-1,-1,1,288.818512,529.129822,-1
0,1995,1,-1,-1,-1,-1,1,337.289307,1129.905884,-1
