0,360,38,-1,-1,-1,-1,1,796.012695,185.792084,-1
0,360,37,-1,-1,-1,-1,1,129.214615,181.281677,-1
0,360,36,-1,-1,-1,-1,1,774.089233,193.186661,-1
0,360,35,-1,-1,-1,-1,1,12.266088,177.713593,-1
0,360,34,-1,-1,-1,-1,1,625.276367,137.803986,-1
0,360,33,-1,-1,-1,-1,1,385.580475,292.266785,-1
0,360,32,-1,-1,-1,-1,1,356.323639,105.742424,-1
0,360,31,-1,-1,-1,-1,1,587.892883,421.079041,-1
0,360,30,-1,-1,-1,-1,1,764.375,96.585846,-1
0,360,29,-1,-1,-1,-1,1,421.53772,460.040894,-1
0,360,28,-1,-1,-1,-1,1,204.003143,405.033661,-1
0,360,27,-1,-1,-1,-1,1,373.341156,488.131744,-1
0,360,26,-1,-1,-1,-1,1,152.351913,161.967957,-1
0,360,25,-1,-1,-1,-1,1,835.76886,557.169067,-1
0,360,24,-1,-1,-1,-1,1,476.461578,552.566101,-1
0,360,23,-1,-1,-1,-1,1,508.279358,403.953125,-1
0,360,22,-1,-1,-1,-1,1,825.269287,440.165985,-1
0,360,21,-1,-1,-1,-1,1,185.040771,444.301392,-1
0,360,20,-1,-1,-1,-1,1,281.047607,173.056824,-1
0,360,19,-1,-1,-1,-1,1,276.024872,558.052673,-1
0,360,18,-1,-1,-1,-1,1,224.436615,481.460602,-1
0,360,17,-1,-1,-1,-1,1,592.534485,273.606567,-1
0,360,16,-1,-1,-1,-1,1,557.446411,240.409103,-1
0,360,15,-1,-1,-1,-1,1,861.132751,320.26358,-1
0,360,14,-1,-1,-1,-1,1,640.07074,448.91449,-1
0,360,13,-1,-1,-1,-1,1,757.006958,308.453491,-1
0,360,12,-1,-1,-1,-1,1,404.713257,605.36499,-1
0,360,11,-1,-1,-1,-1,1,420.632843,304.318787,-1
0,360,10,-1,-1,-1,-1,1,432.422272,385.259766,-1
0,360,9,-1,-1,-1,-1,1,557.21582,509.51059,-1
0,360,8,-1,-1,-1,-1,1,144.789322,436.417938,-1
0,360,7,-1,-1,-1,-1,1,124.960281,349.278931,-1
0,360,6,-1,-1,-1,-1,1,401.270416,424.165436,-1
0,360,5,-1,-1,-1,-1,1,248.669525,516.345215,-1
0,360,4,-1,-1,-1,-1,1,704.463135,520.210144,-1
0,360,3,-1,-1,-1,-1,1,416.787567,232.977554,-1
0,360,2,-1,-1,-1,-1,1,976.556152,184.630386,-1
0,360,1,-1,-1,-1,-1,1,808.322144,493.441589,-1
0,361,38,-1,-1,-1,-1,1,793.117249,174.27269,-1
0,361,37,-1,-1,-1,-1,1,121.061729,213.408875,-1
0,361,36,-1,-1,-1,-1,1,762.019043,184.629196,-1
0,361,35,-1,-1,-1,-1,1,33.156673,176.837616,-1
0,361,34,-1,-1,-1,-1,1,649.782654,136.338882,-1
0,361,33,-1,-1,-1,-1,1,373.186859,313.118073,-1
0,361,32,-1,-1,-1,-1,1,332.137512,106.028366,-1
0,361,31,-1,-1,-1,-1,1,568.21936,413.507355,-1
0,361,30,-1,-1,-1,-1,1,752.582825,105.566612,-1
0,361,29,-1,-1,-1,-1,1,396.022217,454.191071,-1
0,361,28,-1,-1,-1,-1,1,180.385391,418.674377,-1
0,361,27,-1,-1,-1,-1,1,368.30838,512.852844,-1
0,361,26,-1,-1,-1,-1,1,136.385605,148.421951,-1
0,361,25,-1,-1,-1,-1,1,852.593079,569.688049,-1
0,361,24,-1,-1,-1,-1,1,408.659973,584.164246,-1
0,361,23,-1,-1,-1,-1,1,529.62854,393.345703,-1
0,361,22,-1,-1,-1,-1,1,809.190308,424.115112,-1
0,361,21,-1,-1,-1,-1,1,200.363312,432.441345,-1
0,361,20,-1,-1,-1,-1,1,305.430786,172.245575,-1
0,361,19,-1,-1,-1,-1,1,264.841125,573.318542,-1
0,361,18,-1,-1,-1,-1,1,228.864151,456.650818,-1
0,361,17,-1,-1,-1,-1,1,572.062744,284.276031,-1
0,361,16,-1,-1,-1,-1,1,581.046387,240.102783,-1
0,361,15,-1,-1,-1,-1,1,841.405518,332.067047,-1
0,361,14,-1,-1,-1,-1,1,581.339661,508.148529,-1
0,361,13,-1,-1,-1,-1,1,8.318445,209.143402,-1
0,361,11,-1,-1,-1,-1,1,444.26825,299.816925,-1
0,361,10,-1,-1,-1,-1,1,456.380035,389.601318,-1
0,361,9,-1,-1,-1,-1,1,500.09729,548.453369,-1
0,361,8,-1,-1,-1,-1,1,145.023956,412.4245,-1
0,361,7,-1,-1,-1,-1,1,128.352661,372.503235,-1
0,361,6,-1,-1,-1,-1,1,411.915222,402.370605,-1
0,361,5,-1,-1,-1,-1,1,236.555344,537.068176,-1
0,361,4,-1,-1,-1,-1,1,712.198059,496.53653,-1
0,361,3,-1,-1,-1,-1,1,393.376678,232.07782,-1
0,361,1,-1,-1,-1,-1,1,792.39325,476.908173,-1
0,362,41,-1,-1,-1,-1,1,793.220947,336.456818,-1
0,362,39,-1,-1,-1,-1,1,588.006592,458.290741,-1
0,362,38,-1,-1,-1,-1,1,792.363525,152.170181,-1
0,362,37,-1,-1,-1,-1,1,108.955544,228.770035,-1
0,362,36,-1,-1,-1,-1,1,744.378845,185.624008,-1
0,362,35,-1,-1,-1,-1,1,52.525879,176.376755,-1
0,362,34,-1,-1,-1,-1,1,676.921387,136.24704,-1
0,362,33,-1,-1,-1,-1,1,360.807007,332.232056,-1
0,362,32,-1,-1,-1,-1,1,308.587372,108.17202,-1
0,362,31,-1,-1,-1,-1,1,537.367554,411.876495,-1
0,362,30,-1,-1,-1,-1,1,728.644836,104.309418,-1
0,362,29,-1,-1,-1,-1,1,376.598022,456.053619,-1
0,362,28,-1,-1,-1,-1,1,189.266174,452.617004,-1
0,362,27,-1,-1,-1,-1,1,364.486481,536.352539,-1
0,362,26,-1,-1,-1,-1,1,109.04071,144.515533,-1
0,362,25,-1,-1,-1,-1,1,855.845154,593.354492,-1
0,362,24,-1,-1,-1,-1,1,604.781555,508.056335,-1
0,362,23,-1,-1,-1,-1,1,552.248291,380.354431,-1
0,362,22,-1,-1,-1,-1,1,793.20282,404.148651,-1
0,362,21,-1,-1,-1,-1,1,184.740189,396.171722,-1
0,362,20,-1,-1,-1,-1,1,329.208435,169.521439,-1
0,362,19,-1,-1,-1,-1,1,268.743469,601.379272,-1
0,362,18,-1,-1,-1,-1,1,232.193375,433.20224,-1
0,362,17,-1,-1,-1,-1,1,549.615112,293.749664,-1
0,362,16,-1,-1,-1,-1,1,605.027893,240.139145,-1
0,362,15,-1,-1,-1,-1,1,824.781982,341.29425,-1
0,362,14,-1,-1,-1,-1,1,521.385803,548.377625,-1
0,362,11,-1,-1,-1,-1,1,465.314117,298.181519,-1
0,362,10,-1,-1,-1,-1,1,480.717896,400.251465,-1
0,362,9,-1,-1,-1,-1,1,409.39801,560.586365,-1
0,362,8,-1,-1,-1,-1,1,148.282059,385.966095,-1
0,362,7,-1,-1,-1,-1,1,129.079529,400.624481,-1
0,362,6,-1,-1,-1,-1,1,425.447144,381.874146,-1
0,362,5,-1,-1,-1,-1,1,224.235199,557.056519,-1
0,362,4,-1,-1,-1,-1,1,720.123352,472.524475,-1
0,362,3,-1,-1,-1,-1,1,368.940369,232.086136,-1
0,362,1,-1,-1,-1,-1,1,772.267395,468.145355,-1
0,363,41,-1,-1,-1,-1,1,809.624573,368.824463,-1
0,363,39,-1,-1,-1,-1,1,563.9505,460.440002,-1
0,363,38,-1,-1,-1,-1,1,793.318542,124.374985,-1
0,363,37,-1,-1,-1,-1,1,104.436104,252.546967,-1
0,363,36,-1,-1,-1,-1,1,720.573242,184.311874,-1
0,363,35,-1,-1,-1,-1,1,76.73008,176.517578,-1
0,363,34,-1,-1,-1,-1,1,704.514709,136.747406,-1
0,363,33,-1,-1,-1,-1,1,345.632782,352.110809,-1
0,363,32,-1,-1,-1,-1,1,280.893219,108.32769,-1
0,363,31,-1,-1,-1,-1,1,524.396973,401.365051,-1
0,363,30,-1,-1,-1,-1,1,704.793762,106.595451,-1
0,363,29,-1,-1,-1,-1,1,360.896515,476.610809,-1
0,363,28,-1,-1,-1,-1,1,185.034332,476.951233,-1
0,363,27,-1,-1,-1,-1,1,360.845428,560.611633,-1
0,363,26,-1,-1,-1,-1,1,81.040543,141.033493,-1
0,363,25,-1,-1,-1,-1,1,856.075806,620.559143,-1
0,363,24,-1,-1,-1,-1,1,632.185913,501.576355,-1
0,363,23,-1,-1,-1,-1,1,576.630188,372.233551,-1
0,363,22,-1,-1,-1,-1,1,777.060364,388.475037,-1
0,363,21,-1,-1,-1,-1,1,180.255325,368.020721,-1
0,363,20,-1,-1,-1,-1,1,353.431885,165.775513,-1
0,363,19,-1,-1,-1,-1,1,265.09494,624.44342,-1
0,363,18,-1,-1,-1,-1,1,233.103592,408.875671,-1
0,363,17,-1,-1,-1,-1,1,529.057007,305.171478,-1
0,363,16,-1,-1,-1,-1,1,632.178467,237.31282,-1
0,363,15,-1,-1,-1,-1,1,790.987305,357.736847,-1
0,363,14,-1,-1,-1,-1,1,545.309509,545.51001,-1
0,363,13,-1,-1,-1,-1,1,48.879303,220.86879,-1
0,363,12,-1,-1,-1,-1,1,424.138641,545.332397,-1
0,363,11,-1,-1,-1,-1,1,488.61969,297.033539,-1
0,363,10,-1,-1,-1,-1,1,502.16098,405.459229,-1
0,363,9,-1,-1,-1,-1,1,280.737701,589.303223,-1
0,363,8,-1,-1,-1,-1,1,153.21077,364.561432,-1
0,363,7,-1,-1,-1,-1,1,133.090851,421.46637,-1
0,363,6,-1,-1,-1,-1,1,436.744507,360.292847,-1
0,363,5,-1,-1,-1,-1,1,209.4366,584.13147,-1
0,363,4,-1,-1,-1,-1,1,724.62323,448.142212,-1
0,363,3,-1,-1,-1,-1,1,344.811401,229.465546,-1
0,363,1,-1,-1,-1,-1,1,752.270752,464.706573,-1
0,364,41,-1,-1,-1,-1,1,797.903564,396.747803,-1
0,364,39,-1,-1,-1,-1,1,540.240051,465.860901,-1
0,364,38,-1,-1,-1,-1,1,801.188904,104.239082,-1
0,364,37,-1,-1,-1,-1,1,89.20327,272.658875,-1
0,364,36,-1,-1,-1,-1,1,696.341248,184.338013,-1
0,364,35,-1,-1,-1,-1,1,93.191917,184.194977,-1
0,364,34,-1,-1,-1,-1,1,724.43103,132.037277,-1
0,364,33,-1,-1,-1,-1,1,332.105286,370.027222,-1
0,364,32,-1,-1,-1,-1,1,256.944183,109.432701,-1
0,364,31,-1,-1,-1,-1,1,493.137573,393.78302,-1
0,364,30,-1,-1,-1,-1,1,676.686768,108.628227,-1
0,364,29,-1,-1,-1,-1,1,348.297363,494.363831,-1
0,364,28,-1,-1,-1,-1,1,179.863525,500.118286,-1
0,364,27,-1,-1,-1,-1,1,353.402863,581.691589,-1
0,364,26,-1,-1,-1,-1,1,57.514832,140.139786,-1
0,364,24,-1,-1,-1,-1,1,653.338989,501.027191,-1
0,364,23,-1,-1,-1,-1,1,600.001465,361.596039,-1
0,364,22,-1,-1,-1,-1,1,761.329407,366.036224,-1
0,364,21,-1,-1,-1,-1,1,180.368759,352.540039,-1
0,364,20,-1,-1,-1,-1,1,376.709625,165.216599,-1
0,364,19,-1,-1,-1,-1,1,259.925934,639.095459,-1
0,364,18,-1,-1,-1,-1,1,236.824463,385.599609,-1
0,364,17,-1,-1,-1,-1,1,504.862305,320.19046,-1
0,364,16,-1,-1,-1,-1,1,652.695618,236.348923,-1
0,364,15,-1,-1,-1,-1,1,797.599976,375.457214,-1
0,364,14,-1,-1,-1,-1,1,569.646606,544.107971,-1
0,364,13,-1,-1,-1,-1,1,88.183327,236.854584,-1
0,364,12,-1,-1,-1,-1,1,448.489563,545.055969,-1
0,364,11,-1,-1,-1,-1,1,512.799805,293.438965,-1
0,364,10,-1,-1,-1,-1,1,524.252563,413.117737,-1
0,364,9,-1,-1,-1,-1,1,285.063873,564.069458,-1
0,364,8,-1,-1,-1,-1,1,157.235733,338.616272,-1
0,364,7,-1,-1,-1,-1,1,137.036087,448.155579,-1
0,364,6,-1,-1,-1,-1,1,448.53418,340.725739,-1
0,364,5,-1,-1,-1,-1,1,193.459717,605.389648,-1
0,364,4,-1,-1,-1,-1,1,732.46283,425.273346,-1
0,364,3,-1,-1,-1,-1,1,320.818359,229.173141,-1
0,364,1,-1,-1,-1,-1,1,724.652283,456.372437,-1
0,365,41,-1,-1,-1,-1,1,796.582031,413.287323,-1
0,365,39,-1,-1,-1,-1,1,516.770142,468.2099,-1
0,365,38,-1,-1,-1,-1,1,808.60907,80.707863,-1
0,365,37,-1,-1,-1,-1,1,80.238914,297.630768,-1
0,365,36,-1,-1,-1,-1,1,672.880005,184.102142,-1
0,365,35,-1,-1,-1,-1,1,112.034241,201.18428,-1
0,365,34,-1,-1,-1,-1,1,748.040527,129.933701,-1
0,365,33,-1,-1,-1,-1,1,324.81781,393.471252,-1
0,365,32,-1,-1,-1,-1,1,236.324524,113.111107,-1
0,365,31,-1,-1,-1,-1,1,473.193787,388.249695,-1
0,365,30,-1,-1,-1,-1,1,652.858337,108.629387,-1
0,365,29,-1,-1,-1,-1,1,336.349457,513.629333,-1
0,365,28,-1,-1,-1,-1,1,172.98877,521.36676,-1
0,365,27,-1,-1,-1,-1,1,352.896271,609.127014,-1
0,365,26,-1,-1,-1,-1,1,36.44907,140.721451,-1
0,365,24,-1,-1,-1,-1,1,677.050598,500.961761,-1
0,365,23,-1,-1,-1,-1,1,620.393616,352.716888,-1
0,365,22,-1,-1,-1,-1,1,748.539978,349.127991,-1
0,365,21,-1,-1,-1,-1,1,184.465744,329.695709,-1
0,365,20,-1,-1,-1,-1,1,400.875946,164.279861,-1
0,365,18,-1,-1,-1,-1,1,240.17247,362.059082,-1
0,365,17,-1,-1,-1,-1,1,488.944,324.302734,-1
0,365,16,-1,-1,-1,-1,1,676.881958,233.437088,-1
0,365,14,-1,-1,-1,-1,1,592.673767,540.226562,-1
0,365,13,-1,-1,-1,-1,1,96.854263,245.110046,-1
0,365,12,-1,-1,-1,-1,1,472.809326,544.232178,-1
0,365,11,-1,-1,-1,-1,1,537.116577,293.149597,-1
0,365,10,-1,-1,-1,-1,1,548.021851,418.287659,-1
0,365,9,-1,-1,-1,-1,1,300.222382,545.541016,-1
0,365,8,-1,-1,-1,-1,1,167.272293,317.59082,-1
0,365,7,-1,-1,-1,-1,1,137.326859,468.014557,-1
0,365,6,-1,-1,-1,-1,1,457.220062,317.232208,-1
0,365,5,-1,-1,-1,-1,1,185.576355,624.473816,-1
0,365,4,-1,-1,-1,-1,1,745.0578,408.671143,-1
0,365,3,-1,-1,-1,-1,1,296.956482,228.243347,-1
0,365,1,-1,-1,-1,-1,1,701.198303,445.08844,-1
0,366,41,-1,-1,-1,-1,1,803.227722,436.972626,-1
0,366,39,-1,-1,-1,-1,1,493.130341,468.71051,-1
0,366,38,-1,-1,-1,-1,1,812.682922,56.767403,-1
0,366,37,-1,-1,-1,-1,1,69.583611,316.042297,-1
0,366,36,-1,-1,-1,-1,1,648.2052,182.000107,-1
0,366,35,-1,-1,-1,-1,1,128.427826,225.095901,-1
0,366,34,-1,-1,-1,-1,1,752.049866,108.490166,-1
0,366,33,-1,-1,-1,-1,1,320.804688,416.416321,-1
0,366,32,-1,-1,-1,-1,1,216.433197,120.257507,-1
0,366,31,-1,-1,-1,-1,1,449.060608,381.016998,-1
0,366,30,-1,-1,-1,-1,1,628.913391,108.695839,-1
0,366,29,-1,-1,-1,-1,1,324.949829,536.978943,-1
0,366,28,-1,-1,-1,-1,1,168.57872,548.588806,-1
0,366,27,-1,-1,-1,-1,1,353.042786,629.167786,-1
0,366,26,-1,-1,-1,-1,1,16.678011,140.869446,-1
0,366,24,-1,-1,-1,-1,1,697.035278,512.151794,-1
0,366,23,-1,-1,-1,-1,1,633.215088,332.839508,-1
0,366,22,-1,-1,-1,-1,1,732.224976,331.974152,-1
0,366,21,-1,-1,-1,-1,1,170.480743,308.504028,-1
0,366,20,-1,-1,-1,-1,1,424.724823,162.09642,-1
0,366,18,-1,-1,-1,-1,1,244.056046,337.753632,-1
0,366,17,-1,-1,-1,-1,1,457.239075,335.929626,-1
0,366,16,-1,-1,-1,-1,1,701.000244,233.13092,-1
0,366,15,-1,-1,-1,-1,1,781.485779,425.97583,-1
0,366,14,-1,-1,-1,-1,1,616.766296,540.523865,-1
0,366,13,-1,-1,-1,-1,1,100.757942,273.048859,-1
0,366,12,-1,-1,-1,-1,1,496.519958,541.658936,-1
0,366,11,-1,-1,-1,-1,1,561.016663,292.539948,-1
0,366,10,-1,-1,-1,-1,1,569.01709,425.323456,-1
0,366,8,-1,-1,-1,-1,1,180.079819,290.814362,-1
0,366,7,-1,-1,-1,-1,1,144.565216,489.936523,-1
0,366,6,-1,-1,-1,-1,1,469.145935,296.46051,-1
0,366,4,-1,-1,-1,-1,1,764.677368,392.479706,-1
0,366,3,-1,-1,-1,-1,1,272.242615,225.983429,-1
0,366,1,-1,-1,-1,-1,1,680.515869,440.369049,-1
0,367,41,-1,-1,-1,-1,1,799.761047,460.3461,-1
0,367,39,-1,-1,-1,-1,1,472.120544,472.898529,-1
0,367,38,-1,-1,-1,-1,1,813.095398,32.384411,-1
0,367,37,-1,-1,-1,-1,1,76.883728,341.357391,-1
0,367,36,-1,-1,-1,-1,1,624.176697,181.124252,-1
0,367,35,-1,-1,-1,-1,1,140.746613,238.072296,-1
0,367,34,-1,-1,-1,-1,1,752.638428,84.278091,-1
0,367,33,-1,-1,-1,-1,1,316.660583,440.337402,-1
0,367,32,-1,-1,-1,-1,1,201.290756,140.116318,-1
0,367,31,-1,-1,-1,-1,1,428.524719,376.450073,-1
0,367,30,-1,-1,-1,-1,1,605.220947,111.961594,-1
0,367,29,-1,-1,-1,-1,1,320.482758,560.175049,-1
0,367,28,-1,-1,-1,-1,1,164.795746,568.486084,-1
0,367,26,-1,-1,-1,-1,1,104.828178,292.561066,-1
0,367,24,-1,-1,-1,-1,1,720.069702,521.636658,-1
0,367,23,-1,-1,-1,-1,1,644.610413,312.834442,-1
0,367,22,-1,-1,-1,-1,1,716.825012,312.639954,-1
0,367,21,-1,-1,-1,-1,1,162.959229,280.647308,-1
0,367,20,-1,-1,-1,-1,1,448.492798,160.645752,-1
0,367,18,-1,-1,-1,-1,1,247.95546,313.355927,-1
0,367,17,-1,-1,-1,-1,1,440.218658,344.513123,-1
0,367,16,-1,-1,-1,-1,1,724.979004,232.56044,-1
0,367,15,-1,-1,-1,-1,1,776.988281,449.076843,-1
0,367,14,-1,-1,-1,-1,1,640.679504,536.687317,-1
0,367,13,-1,-1,-1,-1,1,45.381447,305.108063,-1
0,367,12,-1,-1,-1,-1,1,517.133972,540.257324,-1
0,367,11,-1,-1,-1,-1,1,584.802673,290.187408,-1
0,367,10,-1,-1,-1,-1,1,592.770752,432.224121,-1
0,367,9,-1,-1,-1,-1,1,344.716522,528.836914,-1
0,367,8,-1,-1,-1,-1,1,183.796432,272.829254,-1
0,367,7,-1,-1,-1,-1,1,164.224426,507.930542,-1
0,367,6,-1,-1,-1,-1,1,484.954651,280.153687,-1
0,367,4,-1,-1,-1,-1,1,780.881042,377.131897,-1
0,367,3,-1,-1,-1,-1,1,252.09964,225.055649,-1
0,367,1,-1,-1,-1,-1,1,656.516785,432.316467,-1
0,368,42,-1,-1,-1,-1,1,961.15918,248.248322,-1
0,368,41,-1,-1,-1,-1,1,800.887634,484.329956,-1
0,368,39,-1,-1,-1,-1,1,445.15036,476.614227,-1
0,368,38,-1,-1,-1,-1,1,812.189758,12.294893,-1
0,368,37,-1,-1,-1,-1,1,77.339828,364.291656,-1
0,368,36,-1,-1,-1,-1,1,597.129578,181.85672,-1
0,368,34,-1,-1,-1,-1,1,753.326904,56.73267,-1
0,368,33,-1,-1,-1,-1,1,312.323395,461.930725,-1
0,368,32,-1,-1,-1,-1,1,189.028183,161.833145,-1
0,368,31,-1,-1,-1,-1,1,405.028076,372.233246,-1
0,368,30,-1,-1,-1,-1,1,584.417053,112.374283,-1
0,368,29,-1,-1,-1,-1,1,316.107758,581.723083,-1
0,368,28,-1,-1,-1,-1,1,153.385529,600.610046,-1
0,368,27,-1,-1,-1,-1,1,356.250854,625.765076,-1
0,368,26,-1,-1,-1,-1,1,105.016029,312.533447,-1
0,368,24,-1,-1,-1,-1,1,741.072205,533.591492,-1
0,368,23,-1,-1,-1,-1,1,656.355225,292.493103,-1
0,368,22,-1,-1,-1,-1,1,704.727478,296.143097,-1
0,368,21,-1,-1,-1,-1,1,164.416687,261.684479,-1
0,368,20,-1,-1,-1,-1,1,472.48645,157.823303,-1
0,368,18,-1,-1,-1,-1,1,265.188019,309.416138,-1
0,368,17,-1,-1,-1,-1,1,421.17984,351.147095,-1
0,368,16,-1,-1,-1,-1,1,752.222717,229.855652,-1
0,368,15,-1,-1,-1,-1,1,776.391724,473.060028,-1
0,368,14,-1,-1,-1,-1,1,665.039673,533.244507,-1
0,368,12,-1,-1,-1,-1,1,544.801697,540.252136,-1
0,368,11,-1,-1,-1,-1,1,608.974609,289.018127,-1
0,368,10,-1,-1,-1,-1,1,613.620422,441.472198,-1
0,368,9,-1,-1,-1,-1,1,368.217499,520.494507,-1
0,368,8,-1,-1,-1,-1,1,193.083908,244.479858,-1
0,368,7,-1,-1,-1,-1,1,180.497635,523.930725,-1
0,368,6,-1,-1,-1,-1,1,500.00531,258.285736,-1
0,368,4,-1,-1,-1,-1,1,796.747681,357.616333,-1
0,368,3,-1,-1,-1,-1,1,244.557434,248.37381,-1
0,368,1,-1,-1,-1,-1,1,635.855713,426.159912,-1
0,369,44,-1,-1,-1,-1,1,845.027466,605.473206,-1
0,369,43,-1,-1,-1,-1,1,776.846924,616.277344,-1
0,369,42,-1,-1,-1,-1,1,937.030823,252.230484,-1
0,369,41,-1,-1,-1,-1,1,800.468201,505.114288,-1
0,369,39,-1,-1,-1,-1,1,424.1185,480.719086,-1
0,369,38,-1,-1,-1,-1,1,746.349609,22.009167,-1
0,369,37,-1,-1,-1,-1,1,80.702179,384.330017,-1
0,369,36,-1,-1,-1,-1,1,572.365112,180.581329,-1
0,369,35,-1,-1,-1,-1,1,176.196716,273.773346,-1
0,369,34,-1,-1,-1,-1,1,753.279724,41.528976,-1
0,369,33,-1,-1,-1,-1,1,308.871918,488.080597,-1
0,369,32,-1,-1,-1,-1,1,176.889969,181.642899,-1
0,369,31,-1,-1,-1,-1,1,377.713074,361.639984,-1
0,369,30,-1,-1,-1,-1,1,560.15387,113.730171,-1
0,369,29,-1,-1,-1,-1,1,312.869537,609.477722,-1
0,369,28,-1,-1,-1,-1,1,152.789505,616.303711,-1
0,369,27,-1,-1,-1,-1,1,335.658569,610.172852,-1
0,369,26,-1,-1,-1,-1,1,105.381195,337.03598,-1
0,369,24,-1,-1,-1,-1,1,760.711121,544.666504,-1
0,369,23,-1,-1,-1,-1,1,661.685303,269.320526,-1
0,369,22,-1,-1,-1,-1,1,688.792358,280.196564,-1
0,369,21,-1,-1,-1,-1,1,145.063034,236.291626,-1
0,369,20,-1,-1,-1,-1,1,496.964569,156.486984,-1
0,369,18,-1,-1,-1,-1,1,291.903351,306.053375,-1
0,369,17,-1,-1,-1,-1,1,399.236938,364.784485,-1
0,369,16,-1,-1,-1,-1,1,776.283691,228.797058,-1
0,369,15,-1,-1,-1,-1,1,768.950256,492.355713,-1
0,369,14,-1,-1,-1,-1,1,689.169861,532.198242,-1
0,369,12,-1,-1,-1,-1,1,568.525635,536.297791,-1
0,369,11,-1,-1,-1,-1,1,632.851624,288.320953,-1
0,369,10,-1,-1,-1,-1,1,640.487488,445.843445,-1
0,369,9,-1,-1,-1,-1,1,385.167206,508.558594,-1
0,369,8,-1,-1,-1,-1,1,200.187561,224.37355,-1
0,369,7,-1,-1,-1,-1,1,200.197876,537.346863,-1
0,369,6,-1,-1,-1,-1,1,512.496582,240.272522,-1
0,369,4,-1,-1,-1,-1,1,816.514221,341.848663,-1
0,369,3,-1,-1,-1,-1,1,240.172485,272.712769,-1
0,369,1,-1,-1,-1,-1,1,608.249695,418.223663,-1
0,370,44,-1,-1,-1,-1,1,844.28479,582.085938,-1
0,370,43,-1,-1,-1,-1,1,760.432007,600.558289,-1
0,370,42,-1,-1,-1,-1,1,916.558228,252.153519,-1
0,370,41,-1,-1,-1,-1,1,800.369812,528.503357,-1
0,370,39,-1,-1,-1,-1,1,396.884308,478.589722,-1
0,370,38,-1,-1,-1,-1,1,752.876953,17.355743,-1
0,370,37,-1,-1,-1,-1,1,80.050713,413.074554,-1
0,370,36,-1,-1,-1,-1,1,548.847595,180.57869,-1
0,370,35,-1,-1,-1,-1,1,189.39743,288.885681,-1
0,370,34,-1,-1,-1,-1,1,744.749146,41.085323,-1
0,370,33,-1,-1,-1,-1,1,304.160858,509.44104,-1
0,370,32,-1,-1,-1,-1,1,164.71698,196.5439,-1
0,370,31,-1,-1,-1,-1,1,360.671722,352.344757,-1
0,370,30,-1,-1,-1,-1,1,536.164856,114.431099,-1
0,370,29,-1,-1,-1,-1,1,305.126526,625.352539,-1
0,370,28,-1,-1,-1,-1,1,153.861542,624.600098,-1
0,370,27,-1,-1,-1,-1,1,321.025421,596.913025,-1
0,370,26,-1,-1,-1,-1,1,113.142441,364.070129,-1
0,370,24,-1,-1,-1,-1,1,760.367493,566.451843,-1
0,370,23,-1,-1,-1,-1,1,676.822876,248.266998,-1
0,370,21,-1,-1,-1,-1,1,128.274536,229.064545,-1
0,370,20,-1,-1,-1,-1,1,516.680054,156.024414,-1
0,370,18,-1,-1,-1,-1,1,312.660339,305.899536,-1
0,370,17,-1,-1,-1,-1,1,373.386047,380.146484,-1
0,370,16,-1,-1,-1,-1,1,793.652039,225.973816,-1
0,370,15,-1,-1,-1,-1,1,745.27832,493.305817,-1
0,370,14,-1,-1,-1,-1,1,712.43042,528.291748,-1
0,370,12,-1,-1,-1,-1,1,592.170166,533.846863,-1
0,370,11,-1,-1,-1,-1,1,656.974365,288.164612,-1
0,370,10,-1,-1,-1,-1,1,657.136719,457.234344,-1
0,370,9,-1,-1,-1,-1,1,411.448273,500.571869,-1
0,370,8,-1,-1,-1,-1,1,205.175751,204.784332,-1
0,370,7,-1,-1,-1,-1,1,213.340042,545.713867,-1
0,370,6,-1,-1,-1,-1,1,528.610474,224.150772,-1
0,370,4,-1,-1,-1,-1,1,832.489746,325.424622,-1
0,370,3,-1,-1,-1,-1,1,232.884506,293.457855,-1
0,370,1,-1,-1,-1,-1,1,584.867371,413.181152,-1
0,371,45,-1,-1,-1,-1,1,89.476036,620.199463,-1
0,371,44,-1,-1,-1,-1,1,844.004761,558.384399,-1
0,371,43,-1,-1,-1,-1,1,748.278442,574.556396,-1
0,371,42,-1,-1,-1,-1,1,893.094727,253.242859,-1
0,371,41,-1,-1,-1,-1,1,800.092102,553.029846,-1
0,371,39,-1,-1,-1,-1,1,373.249084,485.608917,-1
0,371,37,-1,-1,-1,-1,1,72.094223,436.235382,-1
0,371,36,-1,-1,-1,-1,1,529.251404,188.34256,-1
0,371,35,-1,-1,-1,-1,1,204.817169,305.801086,-1
0,371,34,-1,-1,-1,-1,1,736.680054,68.813293,-1
0,371,33,-1,-1,-1,-1,1,300.783966,536.21405,-1
0,371,32,-1,-1,-1,-1,1,155.830734,222.300278,-1
0,371,31,-1,-1,-1,-1,1,336.852478,345.048096,-1
0,371,30,-1,-1,-1,-1,1,512.501709,116.289955,-1
0,371,27,-1,-1,-1,-1,1,305.235382,588.06604,-1
0,371,26,-1,-1,-1,-1,1,112.66674,384.717041,-1
0,371,24,-1,-1,-1,-1,1,763.258423,596.430603,-1
0,371,23,-1,-1,-1,-1,1,684.655945,228.062485,-1
0,371,22,-1,-1,-1,-1,1,652.664734,260.555725,-1
0,371,21,-1,-1,-1,-1,1,108.851044,216.723618,-1
0,371,20,-1,-1,-1,-1,1,545.000305,153.184082,-1
0,371,18,-1,-1,-1,-1,1,337.430969,302.009888,-1
0,371,17,-1,-1,-1,-1,1,352.272278,385.009827,-1
0,371,16,-1,-1,-1,-1,1,820.872314,225.132797,-1
0,371,15,-1,-1,-1,-1,1,737.075195,528.212891,-1
0,371,14,-1,-1,-1,-1,1,721.162842,500.459198,-1
0,371,12,-1,-1,-1,-1,1,613.422791,533.928711,-1
0,371,11,-1,-1,-1,-1,1,681.047058,296.138794,-1
0,371,10,-1,-1,-1,-1,1,673.120605,472.69339,-1
0,371,9,-1,-1,-1,-1,1,432.377869,486.126709,-1
0,371,8,-1,-1,-1,-1,1,209.21489,173.938019,-1
0,371,7,-1,-1,-1,-1,1,236.634811,561.333862,-1
0,371,6,-1,-1,-1,-1,1,549.116516,221.14621,-1
0,371,4,-1,-1,-1,-1,1,849.659302,311.982697,-1
0,371,3,-1,-1,-1,-1,1,232.718323,320.703125,-1
0,371,1,-1,-1,-1,-1,1,564.660583,408.31488,-1
0,372,46,-1,-1,-1,-1,1,872.61084,608.246399,-1
0,372,45,-1,-1,-1,-1,1,93.561829,592.434326,-1
0,372,44,-1,-1,-1,-1,1,844.297363,537.469971,-1
0,372,43,-1,-1,-1,-1,1,732.886536,560.044983,-1
0,372,42,-1,-1,-1,-1,1,872.546265,264.15918,-1
0,372,41,-1,-1,-1,-1,1,800.200806,576.323792,-1
0,372,39,-1,-1,-1,-1,1,352.52478,488.855194,-1
0,372,37,-1,-1,-1,-1,1,72.20829,456.805573,-1
0,372,36,-1,-1,-1,-1,1,508.810303,200.569336,-1
0,372,35,-1,-1,-1,-1,1,225.202911,322.334778,-1
0,372,34,-1,-1,-1,-1,1,732.380249,92.060692,-1
0,372,33,-1,-1,-1,-1,1,300.190674,559.045654,-1
0,372,32,-1,-1,-1,-1,1,144.327164,244.128311,-1
0,372,31,-1,-1,-1,-1,1,322.021515,328.083282,-1
0,372,30,-1,-1,-1,-1,1,488.460968,117.109566,-1
0,372,28,-1,-1,-1,-1,1,161.276825,617.123352,-1
0,372,27,-1,-1,-1,-1,1,289.380707,576.393127,-1
0,372,26,-1,-1,-1,-1,1,121.31321,421.257965,-1
0,372,24,-1,-1,-1,-1,1,760.857056,620.363281,-1
0,372,23,-1,-1,-1,-1,1,696.543884,204.26973,-1
0,372,22,-1,-1,-1,-1,1,628.699341,257.738312,-1
0,372,21,-1,-1,-1,-1,1,88.294212,204.612732,-1
0,372,20,-1,-1,-1,-1,1,568.349915,152.455612,-1
0,372,18,-1,-1,-1,-1,1,361.424927,300.453644,-1
0,372,17,-1,-1,-1,-1,1,329.029419,396.210297,-1
0,372,16,-1,-1,-1,-1,1,846.182251,225.857529,-1
0,372,15,-1,-1,-1,-1,1,702.790344,505.03775,-1
0,372,14,-1,-1,-1,-1,1,745.28241,501.974915,-1
0,372,12,-1,-1,-1,-1,1,640.485413,532.344238,-1
0,372,11,-1,-1,-1,-1,1,697.116577,305.214691,-1
0,372,10,-1,-1,-1,-1,1,689.227905,487.208344,-1
0,372,9,-1,-1,-1,-1,1,452.560089,476.682434,-1
0,372,8,-1,-1,-1,-1,1,220.510757,157.813507,-1
0,372,7,-1,-1,-1,-1,1,256.873505,576.709167,-1
0,372,6,-1,-1,-1,-1,1,576.391479,220.354843,-1
0,372,4,-1,-1,-1,-1,1,872.721069,309.285034,-1
0,372,3,-1,-1,-1,-1,1,221.649582,348.32724,-1
0,372,1,-1,-1,-1,-1,1,540.583008,400.865692,-1
0,373,48,-1,-1,-1,-1,1,121.500336,431.147644,-1
0,373,47,-1,-1,-1,-1,1,957.298218,152.169601,-1
0,373,46,-1,-1,-1,-1,1,855.886719,589.231323,-1
0,373,45,-1,-1,-1,-1,1,96.597008,568.89325,-1
0,373,44,-1,-1,-1,-1,1,844.544617,510.070801,-1
0,373,43,-1,-1,-1,-1,1,716.793152,540.718811,-1
0,373,42,-1,-1,-1,-1,1,856.192932,280.647949,-1
0,373,41,-1,-1,-1,-1,1,800.226379,601.224854,-1
0,373,39,-1,-1,-1,-1,1,328.673401,493.48468,-1
0,373,37,-1,-1,-1,-1,1,68.694717,484.429504,-1
0,373,36,-1,-1,-1,-1,1,491.757202,214.074463,-1
0,373,35,-1,-1,-1,-1,1,241.54538,341.16861,-1
0,373,34,-1,-1,-1,-1,1,728.153381,113.210564,-1
0,373,33,-1,-1,-1,-1,1,296.214691,584.726013,-1
0,373,32,-1,-1,-1,-1,1,132.432968,265.034637,-1
0,373,31,-1,-1,-1,-1,1,305.395264,308.671753,-1
0,373,30,-1,-1,-1,-1,1,464.416046,117.799736,-1
0,373,29,-1,-1,-1,-1,1,244.472488,625.765625,-1
0,373,28,-1,-1,-1,-1,1,164.437012,593.397949,-1
0,373,27,-1,-1,-1,-1,1,269.487579,549.627319,-1
0,373,23,-1,-1,-1,-1,1,708.439941,184.300323,-1
0,373,22,-1,-1,-1,-1,1,604.907654,259.95871,-1
0,373,21,-1,-1,-1,-1,1,64.927101,188.215439,-1
0,373,20,-1,-1,-1,-1,1,592.548767,149.826965,-1
0,373,18,-1,-1,-1,-1,1,385.077332,300.516296,-1
0,373,17,-1,-1,-1,-1,1,312.440552,408.03595,-1
0,373,16,-1,-1,-1,-1,1,869.388672,224.266144,-1
0,373,15,-1,-1,-1,-1,1,669.564331,504.401031,-1
0,373,14,-1,-1,-1,-1,1,752.781372,480.478577,-1
0,373,12,-1,-1,-1,-1,1,660.424072,532.832092,-1
0,373,11,-1,-1,-1,-1,1,717.162964,321.803223,-1
0,373,10,-1,-1,-1,-1,1,713.741089,504.392181,-1
0,373,9,-1,-1,-1,-1,1,473.159882,468.199615,-1
0,373,8,-1,-1,-1,-1,1,244.952209,160.072525,-1
0,373,7,-1,-1,-1,-1,1,273.920288,584.774963,-1
0,373,6,-1,-1,-1,-1,1,600.522156,216.748672,-1
0,373,4,-1,-1,-1,-1,1,896.657166,305.338531,-1
0,373,3,-1,-1,-1,-1,1,213.305283,364.950562,-1
0,373,1,-1,-1,-1,-1,1,516.650513,393.369324,-1
0,374,48,-1,-1,-1,-1,1,124.216782,456.349091,-1
0,374,47,-1,-1,-1,-1,1,936.775574,144.866028,-1
0,374,46,-1,-1,-1,-1,1,839.97467,569.018555,-1
0,374,45,-1,-1,-1,-1,1,97.137108,544.41449,-1
0,374,44,-1,-1,-1,-1,1,844.758301,488.187958,-1
0,374,42,-1,-1,-1,-1,1,836.257507,293.108398,-1
0,374,41,-1,-1,-1,-1,1,800.626892,625.735413,-1
0,374,39,-1,-1,-1,-1,1,304.324707,496.299957,-1
0,374,37,-1,-1,-1,-1,1,73.483986,508.009918,-1
0,374,36,-1,-1,-1,-1,1,469.539825,228.182663,-1
0,374,35,-1,-1,-1,-1,1,257.205994,360.078156,-1
0,374,34,-1,-1,-1,-1,1,717.119019,136.901138,-1
0,374,32,-1,-1,-1,-1,1,120.663826,285.903046,-1
0,374,31,-1,-1,-1,-1,1,292.257599,289.833038,-1
0,374,30,-1,-1,-1,-1,1,440.599548,120.700218,-1
0,374,29,-1,-1,-1,-1,1,257.350677,624.271057,-1
0,374,28,-1,-1,-1,-1,1,168.389252,572.207947,-1
0,374,27,-1,-1,-1,-1,1,249.185944,540.888062,-1
0,374,23,-1,-1,-1,-1,1,712.851868,164.367172,-1
0,374,22,-1,-1,-1,-1,1,580.80365,256.270996,-1
0,374,21,-1,-1,-1,-1,1,45.038338,173.222244,-1
0,374,20,-1,-1,-1,-1,1,616.394653,149.183899,-1
0,374,18,-1,-1,-1,-1,1,408.560547,298.20993,-1
0,374,17,-1,-1,-1,-1,1,288.558044,416.184479,-1
0,374,16,-1,-1,-1,-1,1,889.410156,220.75885,-1
0,374,15,-1,-1,-1,-1,1,648.611145,509.116364,-1
0,374,14,-1,-1,-1,-1,1,760.199646,457.763977,-1
0,374,12,-1,-1,-1,-1,1,688.190308,529.118225,-1
0,374,11,-1,-1,-1,-1,1,736.87146,336.151855,-1
0,374,10,-1,-1,-1,-1,1,732.970886,521.328003,-1
0,374,9,-1,-1,-1,-1,1,496.360901,456.519318,-1
0,374,8,-1,-1,-1,-1,1,269.005676,156.340286,-1
0,374,7,-1,-1,-1,-1,1,293.25061,600.316101,-1
0,374,6,-1,-1,-1,-1,1,624.035461,218.068527,-1
0,374,4,-1,-1,-1,-1,1,917.195923,300.962555,-1
0,374,3,-1,-1,-1,-1,1,209.362732,389.321136,-1
0,374,1,-1,-1,-1,-1,1,493.157623,385.592834,-1
0,375,48,-1,-1,-1,-1,1,124.968216,476.517487,-1
0,375,47,-1,-1,-1,-1,1,909.230835,145.049149,-1
0,375,46,-1,-1,-1,-1,1,824.190002,549.541077,-1
0,375,45,-1,-1,-1,-1,1,88.859192,524.427551,-1
0,375,44,-1,-1,-1,-1,1,844.950134,464.122925,-1
0,375,43,-1,-1,-1,-1,1,681.276672,512.048767,-1
0,375,42,-1,-1,-1,-1,1,812.804321,304.940338,-1
0,375,39,-1,-1,-1,-1,1,280.445984,500.3284,-1
0,375,36,-1,-1,-1,-1,1,449.275848,240.58374,-1
0,375,35,-1,-1,-1,-1,1,273.273315,375.950836,-1
0,375,34,-1,-1,-1,-1,1,713.038086,164.407532,-1
0,375,33,-1,-1,-1,-1,1,300.1297,624.657654,-1
0,375,32,-1,-1,-1,-1,1,109.19558,308.178375,-1
0,375,31,-1,-1,-1,-1,1,273.029541,273.576965,-1
0,375,30,-1,-1,-1,-1,1,416.61734,121.670906,-1
0,375,29,-1,-1,-1,-1,1,277.696075,613.175232,-1
0,375,27,-1,-1,-1,-1,1,228.172806,525.805542,-1
0,375,26,-1,-1,-1,-1,1,172.519653,544.523926,-1
0,375,23,-1,-1,-1,-1,1,720.270935,138.143936,-1
0,375,22,-1,-1,-1,-1,1,556.953491,256.88736,-1
0,375,21,-1,-1,-1,-1,1,29.522982,177.177811,-1
0,375,20,-1,-1,-1,-1,1,640.453979,145.842209,-1
0,375,18,-1,-1,-1,-1,1,433.276398,296.677246,-1
0,375,17,-1,-1,-1,-1,1,272.952545,432.506744,-1
0,375,16,-1,-1,-1,-1,1,913.802795,221.682892,-1
0,375,15,-1,-1,-1,-1,1,624.940491,512.098999,-1
0,375,14,-1,-1,-1,-1,1,768.358032,436.259705,-1
0,375,12,-1,-1,-1,-1,1,708.701233,536.460754,-1
0,375,11,-1,-1,-1,-1,1,756.392822,348.565979,-1
0,375,10,-1,-1,-1,-1,1,752.068665,536.933716,-1
0,375,9,-1,-1,-1,-1,1,520.44696,448.595306,-1
0,375,8,-1,-1,-1,-1,1,292.811768,156.041718,-1
0,375,7,-1,-1,-1,-1,1,368.584869,626.147949,-1
0,375,6,-1,-1,-1,-1,1,648.387329,216.37236,-1
0,375,4,-1,-1,-1,-1,1,940.082214,300.883179,-1
0,375,3,-1,-1,-1,-1,1,204.644684,412.248322,-1
0,375,1,-1,-1,-1,-1,1,469.489227,380.158386,-1
0,376,49,-1,-1,-1,-1,1,756.98291,36.828678,-1
0,376,48,-1,-1,-1,-1,1,143.864532,489.722046,-1
0,376,47,-1,-1,-1,-1,1,888.752808,144.800858,-1
0,376,46,-1,-1,-1,-1,1,808.929932,533.22345,-1
0,376,45,-1,-1,-1,-1,1,92.963547,500.815765,-1
0,376,44,-1,-1,-1,-1,1,845.091003,438.136597,-1
0,376,43,-1,-1,-1,-1,1,660.738831,512.1474,-1
0,376,42,-1,-1,-1,-1,1,796.080139,317.7995,-1
0,376,39,-1,-1,-1,-1,1,256.730377,504.139038,-1
0,376,37,-1,-1,-1,-1,1,80.606216,552.653748,-1
0,376,36,-1,-1,-1,-1,1,436.418823,257.243805,-1
0,376,35,-1,-1,-1,-1,1,296.97876,384.403412,-1
0,376,34,-1,-1,-1,-1,1,708.661438,184.346924,-1
0,376,33,-1,-1,-1,-1,1,300.572052,613.015808,-1
0,376,32,-1,-1,-1,-1,1,97.549522,328.3284,-1
0,376,31,-1,-1,-1,-1,1,260.721375,256.271057,-1
0,376,30,-1,-1,-1,-1,1,392.711884,121.806541,-1
0,376,29,-1,-1,-1,-1,1,237.782608,628.736511,-1
0,376,27,-1,-1,-1,-1,1,209.003021,513.378174,-1
0,376,26,-1,-1,-1,-1,1,172.29097,524.622131,-1
0,376,23,-1,-1,-1,-1,1,721.339905,116.090919,-1
0,376,22,-1,-1,-1,-1,1,533.366028,256.266083,-1
0,376,21,-1,-1,-1,-1,1,12.62014,116.288292,-1
0,376,20,-1,-1,-1,-1,1,664.275879,145.179382,-1
0,376,18,-1,-1,-1,-1,1,457.13147,296.094574,-1
0,376,17,-1,-1,-1,-1,1,264.453552,453.163055,-1
0,376,16,-1,-1,-1,-1,1,936.483032,224.653931,-1
0,376,15,-1,-1,-1,-1,1,601.207581,516.577942,-1
0,376,14,-1,-1,-1,-1,1,776.74408,413.224762,-1
0,376,12,-1,-1,-1,-1,1,727.968628,545.762085,-1
0,376,11,-1,-1,-1,-1,1,776.474426,361.82373,-1
0,376,10,-1,-1,-1,-1,1,768.497375,552.250122,-1
0,376,9,-1,-1,-1,-1,1,539.915833,437.000488,-1
0,376,8,-1,-1,-1,-1,1,316.993622,153.378937,-1
0,376,7,-1,-1,-1,-1,1,373.34256,600.174011,-1
0,376,6,-1,-1,-1,-1,1,672.450867,216.357635,-1
0,376,4,-1,-1,-1,-1,1,965.002869,300.243317,-1
0,376,3,-1,-1,-1,-1,1,199.965454,433.346649,-1
0,376,1,-1,-1,-1,-1,1,448.735901,373.536804,-1
0,377,49,-1,-1,-1,-1,1,756.079224,60.34119,-1
0,377,48,-1,-1,-1,-1,1,153.661606,512.950928,-1
0,377,47,-1,-1,-1,-1,1,864.703247,141.618805,-1
0,377,46,-1,-1,-1,-1,1,792.434204,513.922363,-1
0,377,45,-1,-1,-1,-1,1,96.915215,476.248718,-1
0,377,44,-1,-1,-1,-1,1,844.633789,416.529785,-1
0,377,43,-1,-1,-1,-1,1,636.212463,505.762695,-1
0,377,42,-1,-1,-1,-1,1,773.130432,332.188141,-1
0,377,39,-1,-1,-1,-1,1,232.382309,509.22052,-1
0,377,37,-1,-1,-1,-1,1,65.840027,584.758362,-1
0,377,36,-1,-1,-1,-1,1,420.569275,277.07547,-1
0,377,35,-1,-1,-1,-1,1,320.761505,389.505951,-1
0,377,34,-1,-1,-1,-1,1,704.373901,206.392593,-1
0,377,33,-1,-1,-1,-1,1,324.842102,605.39679,-1
0,377,32,-1,-1,-1,-1,1,88.308365,349.46759,-1
0,377,31,-1,-1,-1,-1,1,240.790771,237.447296,-1
0,377,30,-1,-1,-1,-1,1,368.861328,124.322296,-1
0,377,29,-1,-1,-1,-1,1,244.635483,604.219727,-1
0,377,28,-1,-1,-1,-1,1,200.498611,505.036499,-1
0,377,27,-1,-1,-1,-1,1,176.045013,494.195404,-1
0,377,23,-1,-1,-1,-1,1,729.118408,93.326294,-1
0,377,22,-1,-1,-1,-1,1,509.060272,253.87619,-1
0,377,21,-1,-1,-1,-1,1,32.989494,116.458649,-1
0,377,20,-1,-1,-1,-1,1,688.536133,144.430084,-1
0,377,18,-1,-1,-1,-1,1,481.211914,293.472321,-1
0,377,17,-1,-1,-1,-1,1,248.885086,476.263,-1
0,377,16,-1,-1,-1,-1,1,956.578369,225.493362,-1
0,377,15,-1,-1,-1,-1,1,579.965881,518.26416,-1
0,377,14,-1,-1,-1,-1,1,782.373718,397.049683,-1
0,377,12,-1,-1,-1,-1,1,747.9823,556.300415,-1
0,377,11,-1,-1,-1,-1,1,799.703247,377.697083,-1
0,377,10,-1,-1,-1,-1,1,785.374878,568.067322,-1
0,377,9,-1,-1,-1,-1,1,560.466064,425.975616,-1
0,377,8,-1,-1,-1,-1,1,336.624908,149.761932,-1
0,377,7,-1,-1,-1,-1,1,376.206268,580.873413,-1
0,377,4,-1,-1,-1,-1,1,989.00885,296.747986,-1
0,377,3,-1,-1,-1,-1,1,192.81488,457.634491,-1
0,377,1,-1,-1,-1,-1,1,424.958618,365.305023,-1
0,378,50,-1,-1,-1,-1,1,61.217533,120.608078,-1
0,378,49,-1,-1,-1,-1,1,745.782715,54.336491,-1
0,378,48,-1,-1,-1,-1,1,178.030853,528.414246,-1
0,378,47,-1,-1,-1,-1,1,841.691589,144.332687,-1
0,378,46,-1,-1,-1,-1,1,780.029236,497.327179,-1
0,378,45,-1,-1,-1,-1,1,104.239342,448.513947,-1
0,378,44,-1,-1,-1,-1,1,848.337036,392.279541,-1
0,378,43,-1,-1,-1,-1,1,612.439758,504.490814,-1
0,378,42,-1,-1,-1,-1,1,753.17511,348.168854,-1
0,378,39,-1,-1,-1,-1,1,225.70134,532.766418,-1
0,378,37,-1,-1,-1,-1,1,68.436584,608.437195,-1
0,378,36,-1,-1,-1,-1,1,408.624695,296.173035,-1
0,378,35,-1,-1,-1,-1,1,341.499054,396.059937,-1
0,378,34,-1,-1,-1,-1,1,696.908203,232.416718,-1
0,378,33,-1,-1,-1,-1,1,348.157837,605.084412,-1
0,378,32,-1,-1,-1,-1,1,88.909233,372.242737,-1
0,378,31,-1,-1,-1,-1,1,225.349884,220.401871,-1
0,378,30,-1,-1,-1,-1,1,341.345886,124.554726,-1
0,378,29,-1,-1,-1,-1,1,252.718369,577.260986,-1
0,378,28,-1,-1,-1,-1,1,199.10257,473.36499,-1
0,378,27,-1,-1,-1,-1,1,174.657639,480.939911,-1
0,378,23,-1,-1,-1,-1,1,734.268433,72.660194,-1
0,378,22,-1,-1,-1,-1,1,484.050262,253.822525,-1
0,378,20,-1,-1,-1,-1,1,712.641663,141.418625,-1
0,378,18,-1,-1,-1,-1,1,504.746368,293.099945,-1
0,378,17,-1,-1,-1,-1,1,240.130157,493.41571,-1
0,378,16,-1,-1,-1,-1,1,981.363037,228.254608,-1
0,378,15,-1,-1,-1,-1,1,553.677307,521.97937,-1
0,378,14,-1,-1,-1,-1,1,804.908081,372.930023,-1
0,378,12,-1,-1,-1,-1,1,768.857605,570.17981,-1
0,378,11,-1,-1,-1,-1,1,813.187317,393.447815,-1
0,378,10,-1,-1,-1,-1,1,800.327026,584.501038,-1
0,378,9,-1,-1,-1,-1,1,580.94458,416.13443,-1
0,378,8,-1,-1,-1,-1,1,364.112244,149.479568,-1
0,378,7,-1,-1,-1,-1,1,376.317535,556.162842,-1
0,378,6,-1,-1,-1,-1,1,717.460938,209.275558,-1
0,378,3,-1,-1,-1,-1,1,196.536346,505.337646,-1
0,378,1,-1,-1,-1,-1,1,401.619659,359.943695,-1
0,379,50,-1,-1,-1,-1,1,80.882538,116.581009,-1
0,379,49,-1,-1,-1,-1,1,718.413147,68.581902,-1
0,379,48,-1,-1,-1,-1,1,196.528091,548.973938,-1
0,379,47,-1,-1,-1,-1,1,820.476318,142.085403,-1
0,379,46,-1,-1,-1,-1,1,756.193542,489.897247,-1
0,379,45,-1,-1,-1,-1,1,96.564758,429.045929,-1
0,379,44,-1,-1,-1,-1,1,844.30957,369.046356,-1
0,379,43,-1,-1,-1,-1,1,585.472351,501.033478,-1
0,379,42,-1,-1,-1,-1,1,740.769897,360.687622,-1
0,379,39,-1,-1,-1,-1,1,225.632324,551.91156,-1
0,379,37,-1,-1,-1,-1,1,73.564423,624.595886,-1
0,379,36,-1,-1,-1,-1,1,393.236755,316.66217,-1
0,379,35,-1,-1,-1,-1,1,364.829346,403.994781,-1
0,379,34,-1,-1,-1,-1,1,680.9422,244.300034,-1
0,379,33,-1,-1,-1,-1,1,373.302979,606.740845,-1
0,379,32,-1,-1,-1,-1,1,84.761833,396.249054,-1
0,379,31,-1,-1,-1,-1,1,208.593658,201.942627,-1
0,379,30,-1,-1,-1,-1,1,320.431244,126.024071,-1
0,379,29,-1,-1,-1,-1,1,264.598236,560.721619,-1
0,379,28,-1,-1,-1,-1,1,198.431091,453.056152,-1
0,379,27,-1,-1,-1,-1,1,178.172424,456.891357,-1
0,379,23,-1,-1,-1,-1,1,740.578796,45.453602,-1
0,379,22,-1,-1,-1,-1,1,460.344086,254.339493,-1
0,379,20,-1,-1,-1,-1,1,737.152283,140.38382,-1
0,379,18,-1,-1,-1,-1,1,529.256348,288.971527,-1
0,379,17,-1,-1,-1,-1,1,225.413391,516.356628,-1
0,379,15,-1,-1,-1,-1,1,529.168457,524.141968,-1
0,379,14,-1,-1,-1,-1,1,816.207825,353.797272,-1
0,379,12,-1,-1,-1,-1,1,773.394958,588.999268,-1
0,379,11,-1,-1,-1,-1,1,812.527466,413.613037,-1
0,379,10,-1,-1,-1,-1,1,800.673157,604.943237,-1
0,379,9,-1,-1,-1,-1,1,604.155762,405.758118,-1
0,379,8,-1,-1,-1,-1,1,388.933411,148.555237,-1
0,379,7,-1,-1,-1,-1,1,377.465546,532.033813,-1
0,379,6,-1,-1,-1,-1,1,745.240295,212.23204,-1
0,379,3,-1,-1,-1,-1,1,184.671173,509.084534,-1
0,379,1,-1,-1,-1,-1,1,384.358368,352.932312,-1
0,380,53,-1,-1,-1,-1,1,795.591736,637.928406,-1
0,380,52,-1,-1,-1,-1,1,352.256104,608.687439,-1
0,380,51,-1,-1,-1,-1,1,717.584961,33.823578,-1
0,380,50,-1,-1,-1,-1,1,97.34906,128.918472,-1
0,380,49,-1,-1,-1,-1,1,689.457031,65.24601,-1
0,380,48,-1,-1,-1,-1,1,224.68602,576.962952,-1
0,380,47,-1,-1,-1,-1,1,801.591064,144.724869,-1
0,380,46,-1,-1,-1,-1,1,732.371399,483.813293,-1
0,380,45,-1,-1,-1,-1,1,101.321808,406.859772,-1
0,380,44,-1,-1,-1,-1,1,840.241089,339.565765,-1
0,380,43,-1,-1,-1,-1,1,560.961975,498.014282,-1
0,380,42,-1,-1,-1,-1,1,737.231079,385.561401,-1
0,380,39,-1,-1,-1,-1,1,213.544693,556.892639,-1
0,380,37,-1,-1,-1,-1,1,74.21093,633.313293,-1
0,380,36,-1,-1,-1,-1,1,379.116394,340.24942,-1
0,380,35,-1,-1,-1,-1,1,392.530273,408.658356,-1
0,380,34,-1,-1,-1,-1,1,657.141602,253.743652,-1
0,380,33,-1,-1,-1,-1,1,397.161804,600.042725,-1
0,380,32,-1,-1,-1,-1,1,86.221779,420.651947,-1
0,380,31,-1,-1,-1,-1,1,196.09256,185.649277,-1
0,380,30,-1,-1,-1,-1,1,296.346344,128.405304,-1
0,380,29,-1,-1,-1,-1,1,288.455231,552.28595,-1
0,380,28,-1,-1,-1,-1,1,198.634888,428.479095,-1
0,380,27,-1,-1,-1,-1,1,177.988602,426.784607,-1
0,380,23,-1,-1,-1,-1,1,752.996643,20.838039,-1
0,380,22,-1,-1,-1,-1,1,436.688416,253.036179,-1
0,380,20,-1,-1,-1,-1,1,758.210144,140.320251,-1
0,380,18,-1,-1,-1,-1,1,552.849854,288.233398,-1
0,380,17,-1,-1,-1,-1,1,209.117218,530.211365,-1
0,380,15,-1,-1,-1,-1,1,505.470123,527.977844,-1
0,380,14,-1,-1,-1,-1,1,817.746155,349.269409,-1
0,380,12,-1,-1,-1,-1,1,773.220581,617.642273,-1
0,380,11,-1,-1,-1,-1,1,813.078064,437.038422,-1
0,380,10,-1,-1,-1,-1,1,808.436096,613.757141,-1
0,380,9,-1,-1,-1,-1,1,625.169067,396.211212,-1
0,380,8,-1,-1,-1,-1,1,412.975555,146.094009,-1
0,380,7,-1,-1,-1,-1,1,379.873413,506.108978,-1
0,380,6,-1,-1,-1,-1,1,768.848511,208.208298,-1
0,380,1,-1,-1,-1,-1,1,358.380951,330.337402,-1
0,381,53,-1,-1,-1,-1,1,776.745789,638.481567,-1
0,381,52,-1,-1,-1,-1,1,335.689972,593.161011,-1
0,381,51,-1,-1,-1,-1,1,712.626648,68.763611,-1
0,381,50,-1,-1,-1,-1,1,113.158432,144.705475,-1
0,381,49,-1,-1,-1,-1,1,668.715698,65.508621,-1
0,381,48,-1,-1,-1,-1,1,224.377991,604.220032,-1
0,381,46,-1,-1,-1,-1,1,709.15332,476.307098,-1
0,381,45,-1,-1,-1,-1,1,104.598434,384.204987,-1
0,381,44,-1,-1,-1,-1,1,852.402771,324.20932,-1
0,381,43,-1,-1,-1,-1,1,537.534241,496.079742,-1
0,381,42,-1,-1,-1,-1,1,732.511353,409.032349,-1
0,381,39,-1,-1,-1,-1,1,236.623352,561.655457,-1
0,381,36,-1,-1,-1,-1,1,364.988129,356.140564,-1
0,381,35,-1,-1,-1,-1,1,412.795349,416.225372,-1
0,381,34,-1,-1,-1,-1,1,636.933533,264.279877,-1
0,381,33,-1,-1,-1,-1,1,420.476624,596.738647,-1
0,381,32,-1,-1,-1,-1,1,84.973793,448.16272,-1
0,381,31,-1,-1,-1,-1,1,177.01445,168.661865,-1
0,381,30,-1,-1,-1,-1,1,272.321747,129.972687,-1
0,381,29,-1,-1,-1,-1,1,308.737671,544.309448,-1
0,381,28,-1,-1,-1,-1,1,185.25589,406.046051,-1
0,381,23,-1,-1,-1,-1,1,756.120483,16.836897,-1
0,381,22,-1,-1,-1,-1,1,412.669586,253.242661,-1
0,381,20,-1,-1,-1,-1,1,793.66449,144.005905,-1
0,381,18,-1,-1,-1,-1,1,577.174438,285.866486,-1
0,381,17,-1,-1,-1,-1,1,205.387558,556.125916,-1
0,381,15,-1,-1,-1,-1,1,484.222626,529.902588,-1
0,381,14,-1,-1,-1,-1,1,809.092224,333.081482,-1
0,381,12,-1,-1,-1,-1,1,792.136658,593.542908,-1
0,381,11,-1,-1,-1,-1,1,812.785461,461.129089,-1
0,381,9,-1,-1,-1,-1,1,648.7547,384.60144,-1
0,381,8,-1,-1,-1,-1,1,437.241821,144.999847,-1
0,381,7,-1,-1,-1,-1,1,381.318481,484.134613,-1
0,381,6,-1,-1,-1,-1,1,792.571838,208.323166,-1
0,381,3,-1,-1,-1,-1,1,172.491989,561.365906,-1
0,381,1,-1,-1,-1,-1,1,351.857941,314.231293,-1
0,382,52,-1,-1,-1,-1,1,313.494781,576.157043,-1
0,382,51,-1,-1,-1,-1,1,705.50946,92.118523,-1
0,382,50,-1,-1,-1,-1,1,129.480972,160.361465,-1
0,382,49,-1,-1,-1,-1,1,644.952026,68.690407,-1
0,382,48,-1,-1,-1,-1,1,228.641876,616.355591,-1
0,382,47,-1,-1,-1,-1,1,748.602966,140.109863,-1
0,382,46,-1,-1,-1,-1,1,688.763306,472.130066,-1
0,382,45,-1,-1,-1,-1,1,112.500198,357.58725,-1
0,382,44,-1,-1,-1,-1,1,868.506226,306.042725,-1
0,382,43,-1,-1,-1,-1,1,516.129761,493.343994,-1
0,382,42,-1,-1,-1,-1,1,728.501831,432.260925,-1
0,382,39,-1,-1,-1,-1,1,257.045746,572.97821,-1
0,382,36,-1,-1,-1,-1,1,352.224731,373.914185,-1
0,382,35,-1,-1,-1,-1,1,432.839325,422.222443,-1
0,382,34,-1,-1,-1,-1,1,615.914429,271.23056,-1
0,382,33,-1,-1,-1,-1,1,444.401031,596.958557,-1
0,382,32,-1,-1,-1,-1,1,84.852798,468.192413,-1
0,382,31,-1,-1,-1,-1,1,164.523361,149.149979,-1
0,382,30,-1,-1,-1,-1,1,248.597183,132.327301,-1
0,382,29,-1,-1,-1,-1,1,329.201294,532.245605,-1
0,382,28,-1,-1,-1,-1,1,193.085556,397.137329,-1
0,382,27,-1,-1,-1,-1,1,182.465591,377.939697,-1
0,382,23,-1,-1,-1,-1,1,761.874451,28.672068,-1
0,382,22,-1,-1,-1,-1,1,389.116821,252.112503,-1
0,382,20,-1,-1,-1,-1,1,789.099243,113.375488,-1
0,382,18,-1,-1,-1,-1,1,597.505432,288.587952,-1
0,382,17,-1,-1,-1,-1,1,204.59584,580.875793,-1
0,382,15,-1,-1,-1,-1,1,457.149048,533.690186,-1
0,382,14,-1,-1,-1,-1,1,792.820984,313.692413,-1
0,382,12,-1,-1,-1,-1,1,776.495544,576.311523,-1
0,382,11,-1,-1,-1,-1,1,816.153137,485.611511,-1
0,382,9,-1,-1,-1,-1,1,672.710266,376.304718,-1
0,382,8,-1,-1,-1,-1,1,460.81604,144.849182,-1
0,382,7,-1,-1,-1,-1,1,393.015106,463.999481,-1
0,382,6,-1,-1,-1,-1,1,816.122986,205.898972,-1
0,382,3,-1,-1,-1,-1,1,164.004105,573.36615,-1
0,382,1,-1,-1,-1,-1,1,333.176056,297.601471,-1
0,383,52,-1,-1,-1,-1,1,300.538177,560.838684,-1
0,383,51,-1,-1,-1,-1,1,704.208191,113.913666,-1
0,383,50,-1,-1,-1,-1,1,144.7995,180.290894,-1
0,383,49,-1,-1,-1,-1,1,620.62561,68.328949,-1
0,383,48,-1,-1,-1,-1,1,236.489822,638.599854,-1
0,383,47,-1,-1,-1,-1,1,724.903809,140.129715,-1
0,383,46,-1,-1,-1,-1,1,664.340881,461.086029,-1
0,383,45,-1,-1,-1,-1,1,116.80114,336.221039,-1
0,383,44,-1,-1,-1,-1,1,884.641785,292.109314,-1
0,383,43,-1,-1,-1,-1,1,492.055298,489.940033,-1
0,383,42,-1,-1,-1,-1,1,724.379578,456.901672,-1
0,383,39,-1,-1,-1,-1,1,273.119568,588.556396,-1
0,383,36,-1,-1,-1,-1,1,336.05481,393.222565,-1
0,383,35,-1,-1,-1,-1,1,460.679626,432.229218,-1
0,383,34,-1,-1,-1,-1,1,592.269958,284.470154,-1
0,383,33,-1,-1,-1,-1,1,468.460724,593.122253,-1
0,383,32,-1,-1,-1,-1,1,84.481148,492.791718,-1
0,383,31,-1,-1,-1,-1,1,144.486618,133.704742,-1
0,383,30,-1,-1,-1,-1,1,224.406616,133.110992,-1
0,383,29,-1,-1,-1,-1,1,352.266876,524.174988,-1
0,383,28,-1,-1,-1,-1,1,195.354599,353.885132,-1
0,383,27,-1,-1,-1,-1,1,178.471222,365.11676,-1
0,383,22,-1,-1,-1,-1,1,365.262207,252.164749,-1
0,383,20,-1,-1,-1,-1,1,788.069458,93.351799,-1
0,383,18,-1,-1,-1,-1,1,628.23999,281.17395,-1
0,383,17,-1,-1,-1,-1,1,200.675858,612.335388,-1
0,383,15,-1,-1,-1,-1,1,436.50943,536.295471,-1
0,383,14,-1,-1,-1,-1,1,776.711853,296.740631,-1
0,383,12,-1,-1,-1,-1,1,760.791199,557.542969,-1
0,383,11,-1,-1,-1,-1,1,816.048279,509.041565,-1
0,383,9,-1,-1,-1,-1,1,692.078674,364.237976,-1
0,383,8,-1,-1,-1,-1,1,484.616455,141.499939,-1
0,383,7,-1,-1,-1,-1,1,404.420227,441.536713,-1
0,383,6,-1,-1,-1,-1,1,839.980164,204.994354,-1
0,383,3,-1,-1,-1,-1,1,160.772354,600.528198,-1
0,383,1,-1,-1,-1,-1,1,316.993805,280.167206,-1
0,384,52,-1,-1,-1,-1,1,281.289368,548.258911,-1
0,384,51,-1,-1,-1,-1,1,698.492859,134.952209,-1
0,384,50,-1,-1,-1,-1,1,163.933289,196.212189,-1
0,384,49,-1,-1,-1,-1,1,595.917542,70.144585,-1
0,384,48,-1,-1,-1,-1,1,236.632599,628.411865,-1
0,384,46,-1,-1,-1,-1,1,640.643738,456.172058,-1
0,384,45,-1,-1,-1,-1,1,124.69989,312.811768,-1
0,384,44,-1,-1,-1,-1,1,904.277954,284.889801,-1
0,384,43,-1,-1,-1,-1,1,465.432434,487.887329,-1
0,384,42,-1,-1,-1,-1,1,720.439087,480.194611,-1
0,384,39,-1,-1,-1,-1,1,280.856384,612.536255,-1
0,384,36,-1,-1,-1,-1,1,329.066895,413.082092,-1
0,384,35,-1,-1,-1,-1,1,480.738159,436.175598,-1
0,384,34,-1,-1,-1,-1,1,569.274109,292.822357,-1
0,384,33,-1,-1,-1,-1,1,492.471069,592.471313,-1
0,384,32,-1,-1,-1,-1,1,84.454277,516.531677,-1
0,384,30,-1,-1,-1,-1,1,204.456985,136.551331,-1
0,384,29,-1,-1,-1,-1,1,372.593018,512.746033,-1
0,384,28,-1,-1,-1,-1,1,199.686325,336.443848,-1
0,384,27,-1,-1,-1,-1,1,173.214172,330.809143,-1
0,384,22,-1,-1,-1,-1,1,340.905853,249.402527,-1
0,384,20,-1,-1,-1,-1,1,789.038391,68.153969,-1
0,384,18,-1,-1,-1,-1,1,648.380676,284.398987,-1
0,384,15,-1,-1,-1,-1,1,412.77597,540.209106,-1
0,384,14,-1,-1,-1,-1,1,761.374084,277.514343,-1
0,384,12,-1,-1,-1,-1,1,748.592163,539.934875,-1
0,384,11,-1,-1,-1,-1,1,816.173462,532.715149,-1
0,384,9,-1,-1,-1,-1,1,700.852112,344.18512,-1
0,384,8,-1,-1,-1,-1,1,508.464966,139.991776,-1
0,384,7,-1,-1,-1,-1,1,416.422485,421.216431,-1
0,384,6,-1,-1,-1,-1,1,861.137451,204.151398,-1
0,384,3,-1,-1,-1,-1,1,156.220093,617.549683,-1
0,384,1,-1,-1,-1,-1,1,301.276031,261.280731,-1
0,385,52,-1,-1,-1,-1,1,260.120422,532.239807,-1
0,385,51,-1,-1,-1,-1,1,696.354309,164.240341,-1
0,385,50,-1,-1,-1,-1,1,181.033127,216.014236,-1
0,385,49,-1,-1,-1,-1,1,568.796631,73.215828,-1
0,385,48,-1,-1,-1,-1,1,235.980362,605.949341,-1
0,385,47,-1,-1,-1,-1,1,676.117798,132.809677,-1
0,385,46,-1,-1,-1,-1,1,616.234497,449.34433,-1
0,385,45,-1,-1,-1,-1,1,129.306168,289.794312,-1
0,385,44,-1,-1,-1,-1,1,928.449097,285.380035,-1
0,385,43,-1,-1,-1,-1,1,444.407959,484.61554,-1
0,385,42,-1,-1,-1,-1,1,697.30957,485.483337,-1
0,385,39,-1,-1,-1,-1,1,284.98111,629.131287,-1
0,385,36,-1,-1,-1,-1,1,324.755829,437.051483,-1
0,385,35,-1,-1,-1,-1,1,504.985901,444.175476,-1
0,385,34,-1,-1,-1,-1,1,548.723389,304.326935,-1
0,385,33,-1,-1,-1,-1,1,516.614441,592.571045,-1
0,385,32,-1,-1,-1,-1,1,84.087357,540.768066,-1
0,385,31,-1,-1,-1,-1,1,96.797195,132.980026,-1
0,385,30,-1,-1,-1,-1,1,192.567886,157.767532,-1
0,385,29,-1,-1,-1,-1,1,396.088013,501.608978,-1
0,385,28,-1,-1,-1,-1,1,200.042969,308.632812,-1
0,385,27,-1,-1,-1,-1,1,173.51088,308.681641,-1
0,385,22,-1,-1,-1,-1,1,320.610779,252.203766,-1
0,385,20,-1,-1,-1,-1,1,788.904541,44.766434,-1
0,385,18,-1,-1,-1,-1,1,664.941162,297.568878,-1
0,385,15,-1,-1,-1,-1,1,388.343353,545.840515,-1
0,385,14,-1,-1,-1,-1,1,745.414856,260.264343,-1
0,385,12,-1,-1,-1,-1,1,732.376953,520.41687,-1
0,385,11,-1,-1,-1,-1,1,816.453735,557.001831,-1
0,385,9,-1,-1,-1,-1,1,712.187683,320.773041,-1
0,385,8,-1,-1,-1,-1,1,532.684021,136.992142,-1
0,385,7,-1,-1,-1,-1,1,425.772034,400.012207,-1
0,385,6,-1,-1,-1,-1,1,884.523682,204.396027,-1
0,385,1,-1,-1,-1,-1,1,284.50293,244.200821,-1
0,386,54,-1,-1,-1,-1,1,32.589695,136.700058,-1
0,386,52,-1,-1,-1,-1,1,240.842957,520.278564,-1
0,386,51,-1,-1,-1,-1,1,688.42926,185.450623,-1
0,386,50,-1,-1,-1,-1,1,200.685028,232.88063,-1
0,386,49,-1,-1,-1,-1,1,545.608704,73.270294,-1
0,386,48,-1,-1,-1,-1,1,236.021179,581.003723,-1
0,386,47,-1,-1,-1,-1,1,656.209229,133.566422,-1
0,386,46,-1,-1,-1,-1,1,593.660828,441.915283,-1
0,386,45,-1,-1,-1,-1,1,137.267715,268.19931,-1
0,386,44,-1,-1,-1,-1,1,952.483276,280.443756,-1
0,386,43,-1,-1,-1,-1,1,421.032043,475.627991,-1
0,386,42,-1,-1,-1,-1,1,672.870972,489.299835,-1
0,386,39,-1,-1,-1,-1,1,364.415283,638.496033,-1
0,386,36,-1,-1,-1,-1,1,320.670654,464.117889,-1
0,386,35,-1,-1,-1,-1,1,527.885986,450.21637,-1
0,386,34,-1,-1,-1,-1,1,528.319397,312.948242,-1
0,386,33,-1,-1,-1,-1,1,540.277649,585.467712,-1
0,386,32,-1,-1,-1,-1,1,80.865715,568.65863,-1
0,386,31,-1,-1,-1,-1,1,73.352554,132.222336,-1
0,386,30,-1,-1,-1,-1,1,180.575485,176.430878,-1
0,386,29,-1,-1,-1,-1,1,414.660767,497.153961,-1
0,386,28,-1,-1,-1,-1,1,199.781448,284.834747,-1
0,386,27,-1,-1,-1,-1,1,173.685196,288.114014,-1
0,386,22,-1,-1,-1,-1,1,293.079346,252.115677,-1
0,386,20,-1,-1,-1,-1,1,787.764465,21.463375,-1
0,386,18,-1,-1,-1,-1,1,684.914185,312.452881,-1
0,386,15,-1,-1,-1,-1,1,361.796906,545.552185,-1
0,386,14,-1,-1,-1,-1,1,732.667297,241.587509,-1
0,386,12,-1,-1,-1,-1,1,716.655579,502.141876,-1
0,386,11,-1,-1,-1,-1,1,816.084595,580.764648,-1
0,386,9,-1,-1,-1,-1,1,720.70697,298.290283,-1
0,386,8,-1,-1,-1,-1,1,556.084473,137.440933,-1
0,386,7,-1,-1,-1,-1,1,439.981537,377.664368,-1
0,386,6,-1,-1,-1,-1,1,908.226135,204.603958,-1
0,386,1,-1,-1,-1,-1,1,269.052673,224.371521,-1
0,387,56,-1,-1,-1,-1,1,856.870667,600.676453,-1
0,387,55,-1,-1,-1,-1,1,49.845566,224.218445,-1
0,387,54,-1,-1,-1,-1,1,58.282089,145.126266,-1
0,387,52,-1,-1,-1,-1,1,220.232513,509.091339,-1
0,387,51,-1,-1,-1,-1,1,680.836304,208.190125,-1
0,387,50,-1,-1,-1,-1,1,216.521301,250.031296,-1
0,387,49,-1,-1,-1,-1,1,521.085327,73.655663,-1
0,387,48,-1,-1,-1,-1,1,240.018188,561.026855,-1
0,387,47,-1,-1,-1,-1,1,628.175415,132.778488,-1
0,387,46,-1,-1,-1,-1,1,572.654846,434.29245,-1
0,387,45,-1,-1,-1,-1,1,144.315475,237.843689,-1
0,387,44,-1,-1,-1,-1,1,972.419739,276.690735,-1
0,387,43,-1,-1,-1,-1,1,393.302673,480.221344,-1
0,387,42,-1,-1,-1,-1,1,649.335022,492.06369,-1
0,387,39,-1,-1,-1,-1,1,365.174408,612.139404,-1
0,387,36,-1,-1,-1,-1,1,316.77594,485.067322,-1
0,387,35,-1,-1,-1,-1,1,545.787842,460.089417,-1
0,387,34,-1,-1,-1,-1,1,504.727539,324.270996,-1
0,387,33,-1,-1,-1,-1,1,564.03009,582.390442,-1
0,387,32,-1,-1,-1,-1,1,84.699776,592.298096,-1
0,387,31,-1,-1,-1,-1,1,46.133533,126.283096,-1
0,387,30,-1,-1,-1,-1,1,168.469208,197.566376,-1
0,387,29,-1,-1,-1,-1,1,439.980408,480.890442,-1
0,387,28,-1,-1,-1,-1,1,201.061462,264.577545,-1
0,387,27,-1,-1,-1,-1,1,170.121048,264.188385,-1
0,387,22,-1,-1,-1,-1,1,269.444031,252.047119,-1
0,387,18,-1,-1,-1,-1,1,708.098938,326.173187,-1
0,387,15,-1,-1,-1,-1,1,344.531219,552.197815,-1
0,387,14,-1,-1,-1,-1,1,716.826965,224.443314,-1
0,387,12,-1,-1,-1,-1,1,696.087463,500.355774,-1
0,387,11,-1,-1,-1,-1,1,816.182312,605.724304,-1
0,387,9,-1,-1,-1,-1,1,732.05072,277.30661,-1
0,387,8,-1,-1,-1,-1,1,577.666809,136.045822,-1
0,387,7,-1,-1,-1,-1,1,448.550293,356.791565,-1
0,387,6,-1,-1,-1,-1,1,929.216064,208.73558,-1
0,387,1,-1,-1,-1,-1,1,252.897247,208.257111,-1
0,388,57,-1,-1,-1,-1,1,949.399048,220.309601,-1
0,388,56,-1,-1,-1,-1,1,857.273254,576.63092,-1
0,388,55,-1,-1,-1,-1,1,73.53759,232.38942,-1
0,388,54,-1,-1,-1,-1,1,80.367371,141.044678,-1
0,388,52,-1,-1,-1,-1,1,204.942139,496.624023,-1
0,388,51,-1,-1,-1,-1,1,676.349854,233.152802,-1
0,388,50,-1,-1,-1,-1,1,232.721344,272.69574,-1
0,388,49,-1,-1,-1,-1,1,497.057495,76.276436,-1
0,388,48,-1,-1,-1,-1,1,260.434998,561.368347,-1
0,388,46,-1,-1,-1,-1,1,548.949707,428.042297,-1
0,388,45,-1,-1,-1,-1,1,153.652283,217.804199,-1
0,388,44,-1,-1,-1,-1,1,993.172913,277.189819,-1
0,388,43,-1,-1,-1,-1,1,376.255127,480.362762,-1
0,388,42,-1,-1,-1,-1,1,625.013428,496.239838,-1
0,388,39,-1,-1,-1,-1,1,369.052582,585.664062,-1
0,388,36,-1,-1,-1,-1,1,311.880005,506.124237,-1
0,388,35,-1,-1,-1,-1,1,572.66864,465.439758,-1
0,388,34,-1,-1,-1,-1,1,488.57663,332.485077,-1
0,388,33,-1,-1,-1,-1,1,588.322266,580.861023,-1
0,388,32,-1,-1,-1,-1,1,85.519989,612.796265,-1
0,388,31,-1,-1,-1,-1,1,25.379305,125.05558,-1
0,388,29,-1,-1,-1,-1,1,457.684052,472.003998,-1
0,388,28,-1,-1,-1,-1,1,204.926743,244.337097,-1
0,388,27,-1,-1,-1,-1,1,157.334885,248.808243,-1
0,388,22,-1,-1,-1,-1,1,244.647781,245.190033,-1
0,388,18,-1,-1,-1,-1,1,725.230469,340.205688,-1
0,388,15,-1,-1,-1,-1,1,316.811096,552.787292,-1
0,388,14,-1,-1,-1,-1,1,700.488342,204.692352,-1
0,388,12,-1,-1,-1,-1,1,672.722778,500.245087,-1
0,388,11,-1,-1,-1,-1,1,816.758911,629.367126,-1
0,388,9,-1,-1,-1,-1,1,744.643433,256.235138,-1
0,388,8,-1,-1,-1,-1,1,598.549744,131.003311,-1
0,388,7,-1,-1,-1,-1,1,454.196747,337.545929,-1
0,388,1,-1,-1,-1,-1,1,236.745193,189.00563,-1
0,389,57,-1,-1,-1,-1,1,928.452393,241.146774,-1
0,389,56,-1,-1,-1,-1,1,856.915833,552.355896,-1
0,389,55,-1,-1,-1,-1,1,101.40136,244.88707,-1
0,389,54,-1,-1,-1,-1,1,89.724869,149.347992,-1
0,389,52,-1,-1,-1,-1,1,204.604309,472.362823,-1
0,389,51,-1,-1,-1,-1,1,672.526306,256.456482,-1
0,389,50,-1,-1,-1,-1,1,249.097855,284.049347,-1
0,389,49,-1,-1,-1,-1,1,473.16748,77.389641,-1
0,389,47,-1,-1,-1,-1,1,584.45929,145.047058,-1
0,389,46,-1,-1,-1,-1,1,528.624695,420.864746,-1
0,389,45,-1,-1,-1,-1,1,160.77272,197.069534,-1
0,389,43,-1,-1,-1,-1,1,363.989563,500.75174,-1
0,389,42,-1,-1,-1,-1,1,599.924622,500.40976,-1
0,389,39,-1,-1,-1,-1,1,373.110931,567.9505,-1
0,389,36,-1,-1,-1,-1,1,305.670319,532.612793,-1
0,389,35,-1,-1,-1,-1,1,593.86969,468.169922,-1
0,389,34,-1,-1,-1,-1,1,457.12439,348.315002,-1
0,389,33,-1,-1,-1,-1,1,612.237854,577.526978,-1
0,389,32,-1,-1,-1,-1,1,92.533813,629.015015,-1
0,389,31,-1,-1,-1,-1,1,8.617291,132.798859,-1
0,389,30,-1,-1,-1,-1,1,138.223312,234.603729,-1
0,389,29,-1,-1,-1,-1,1,480.64505,461.891785,-1
0,389,28,-1,-1,-1,-1,1,229.835876,239.461868,-1
0,389,27,-1,-1,-1,-1,1,152.279388,248.906769,-1
0,389,22,-1,-1,-1,-1,1,228.770782,260.522125,-1
0,389,18,-1,-1,-1,-1,1,745.639832,353.0849,-1
0,389,15,-1,-1,-1,-1,1,288.804504,560.240234,-1
0,389,14,-1,-1,-1,-1,1,680.266968,200.74675,-1
0,389,12,-1,-1,-1,-1,1,648.203064,496.76062,-1
0,389,9,-1,-1,-1,-1,1,752.627258,233.118286,-1
0,389,8,-1,-1,-1,-1,1,628.857666,132.167755,-1
0,389,7,-1,-1,-1,-1,1,472.698975,314.736023,-1
0,389,6,-1,-1,-1,-1,1,969.532654,209.014236,-1
0,389,1,-1,-1,-1,-1,1,221.079224,172.270676,-1
0,390,58,-1,-1,-1,-1,1,944.794006,208.8246,-1
0,390,57,-1,-1,-1,-1,1,904.483337,245.527939,-1
0,390,56,-1,-1,-1,-1,1,856.982971,528.453247,-1
0,390,55,-1,-1,-1,-1,1,109.003075,228.975067,-1
0,390,54,-1,-1,-1,-1,1,108.465797,165.161774,-1
0,390,52,-1,-1,-1,-1,1,200.48732,448.214722,-1
0,390,51,-1,-1,-1,-1,1,664.738342,278.13443,-1
0,390,50,-1,-1,-1,-1,1,265.142731,300.621307,-1
0,390,49,-1,-1,-1,-1,1,449.066864,80.232941,-1
0,390,48,-1,-1,-1,-1,1,225.21109,637.428406,-1
0,390,47,-1,-1,-1,-1,1,568.494202,160.3918,-1
0,390,46,-1,-1,-1,-1,1,500.394806,413.410492,-1
0,390,45,-1,-1,-1,-1,1,168.317657,177.054703,-1
0,390,43,-1,-1,-1,-1,1,349.179474,520.424561,-1
0,390,42,-1,-1,-1,-1,1,576.856812,501.694763,-1
0,390,39,-1,-1,-1,-1,1,400.168793,564.419006,-1
0,390,36,-1,-1,-1,-1,1,308.775726,556.290222,-1
0,390,35,-1,-1,-1,-1,1,617.925049,474.609802,-1
0,390,34,-1,-1,-1,-1,1,440.792908,354.187317,-1
0,390,33,-1,-1,-1,-1,1,636.63562,576.409973,-1
0,390,30,-1,-1,-1,-1,1,131.44191,260.689636,-1
0,390,29,-1,-1,-1,-1,1,504.851257,452.458435,-1
0,390,28,-1,-1,-1,-1,1,256.948517,240.396713,-1
0,390,22,-1,-1,-1,-1,1,221.024689,284.033264,-1
0,390,18,-1,-1,-1,-1,1,764.895691,366.060944,-1
0,390,15,-1,-1,-1,-1,1,268.748444,560.728271,-1
0,390,14,-1,-1,-1,-1,1,656.284058,200.507599,-1
0,390,12,-1,-1,-1,-1,1,624.129517,497.426086,-1
0,390,9,-1,-1,-1,-1,1,764.695068,213.237244,-1
0,390,8,-1,-1,-1,-1,1,649.543274,129.529678,-1
0,390,7,-1,-1,-1,-1,1,487.922424,298.110443,-1
0,390,1,-1,-1,-1,-1,1,205.322723,156.257797,-1
0,391,58,-1,-1,-1,-1,1,924.510437,209.002167,-1
0,391,57,-1,-1,-1,-1,1,884.749268,248.254242,-1
0,391,56,-1,-1,-1,-1,1,856.559692,504.727386,-1
0,391,55,-1,-1,-1,-1,1,129.320496,262.009247,-1
0,391,54,-1,-1,-1,-1,1,89.74453,192.359116,-1
0,391,52,-1,-1,-1,-1,1,200.137451,424.698608,-1
0,391,51,-1,-1,-1,-1,1,656.384766,296.82843,-1
0,391,50,-1,-1,-1,-1,1,280.321655,317.986603,-1
0,391,49,-1,-1,-1,-1,1,425.440918,77.540237,-1
0,391,48,-1,-1,-1,-1,1,232.406708,612.662537,-1
0,391,47,-1,-1,-1,-1,1,545.207703,172.426697,-1
0,391,46,-1,-1,-1,-1,1,480.798187,408.313141,-1
0,391,45,-1,-1,-1,-1,1,189.257568,172.824936,-1
0,391,43,-1,-1,-1,-1,1,334.086426,542.218201,-1
0,391,42,-1,-1,-1,-1,1,560.919983,508.700073,-1
0,391,39,-1,-1,-1,-1,1,423.948303,561.701904,-1
0,391,36,-1,-1,-1,-1,1,297.030426,577.501221,-1
0,391,35,-1,-1,-1,-1,1,644.193359,484.060822,-1
0,391,34,-1,-1,-1,-1,1,417.24585,365.91571,-1
0,391,33,-1,-1,-1,-1,1,656.875793,576.606079,-1
0,391,30,-1,-1,-1,-1,1,120.954842,288.844055,-1
0,391,29,-1,-1,-1,-1,1,525.128113,441.72876,-1
0,391,28,-1,-1,-1,-1,1,280.799011,240.839981,-1
0,391,27,-1,-1,-1,-1,1,129.329132,192.301193,-1
0,391,22,-1,-1,-1,-1,1,216.813095,305.40094,-1
0,391,18,-1,-1,-1,-1,1,785.044983,380.105164,-1
0,391,15,-1,-1,-1,-1,1,265.406067,584.800232,-1
0,391,14,-1,-1,-1,-1,1,628.927856,197.688797,-1
0,391,12,-1,-1,-1,-1,1,596.194702,489.591309,-1
0,391,9,-1,-1,-1,-1,1,768.583679,192.267624,-1
0,391,8,-1,-1,-1,-1,1,676.949341,128.146973,-1
0,391,7,-1,-1,-1,-1,1,504.264099,278.165955,-1
0,391,1,-1,-1,-1,-1,1,189.305588,140.346039,-1
0,392,60,-1,-1,-1,-1,1,360.959991,548.966431,-1
0,392,59,-1,-1,-1,-1,1,384.495911,600.281921,-1
0,392,58,-1,-1,-1,-1,1,901.173096,208.259415,-1
0,392,57,-1,-1,-1,-1,1,864.429382,260.302368,-1
0,392,56,-1,-1,-1,-1,1,857.437378,480.268555,-1
0,392,55,-1,-1,-1,-1,1,128.663818,286.195862,-1
0,392,54,-1,-1,-1,-1,1,76.164734,193.795944,-1
0,392,52,-1,-1,-1,-1,1,193.615524,400.050964,-1
0,392,51,-1,-1,-1,-1,1,632.152466,306.238739,-1
0,392,50,-1,-1,-1,-1,1,304.776733,324.523285,-1
0,392,49,-1,-1,-1,-1,1,400.65979,81.281105,-1
0,392,48,-1,-1,-1,-1,1,268.235382,609.689026,-1
0,392,47,-1,-1,-1,-1,1,524.931458,188.077957,-1
0,392,46,-1,-1,-1,-1,1,456.62323,401.358704,-1
0,392,45,-1,-1,-1,-1,1,212.703415,168.803894,-1
0,392,43,-1,-1,-1,-1,1,324.255463,561.284912,-1
0,392,42,-1,-1,-1,-1,1,529.256165,508.38385,-1
0,392,39,-1,-1,-1,-1,1,448.528259,560.28064,-1
0,392,36,-1,-1,-1,-1,1,297.161377,604.464905,-1
0,392,35,-1,-1,-1,-1,1,665.096191,489.321411,-1
0,392,34,-1,-1,-1,-1,1,393.585144,376.109253,-1
0,392,33,-1,-1,-1,-1,1,684.438599,571.982056,-1
0,392,30,-1,-1,-1,-1,1,108.25489,305.171753,-1
0,392,29,-1,-1,-1,-1,1,548.153687,428.933044,-1
0,392,28,-1,-1,-1,-1,1,308.071411,236.822037,-1
0,392,27,-1,-1,-1,-1,1,144.501251,208.988495,-1
0,392,22,-1,-1,-1,-1,1,212.102768,329.619812,-1
0,392,18,-1,-1,-1,-1,1,789.231201,400.093262,-1
0,392,15,-1,-1,-1,-1,1,233.473267,592.572144,-1
0,392,14,-1,-1,-1,-1,1,604.603699,197.208542,-1
0,392,12,-1,-1,-1,-1,1,572.546631,486.071594,-1
0,392,9,-1,-1,-1,-1,1,776.227661,168.53656,-1
0,392,8,-1,-1,-1,-1,1,700.761536,125.45723,-1
0,392,7,-1,-1,-1,-1,1,516.658875,258.005371,-1
0,392,1,-1,-1,-1,-1,1,164.248505,137.74205,-1
0,393,61,-1,-1,-1,-1,1,760.462585,3.952386,-1
0,393,60,-1,-1,-1,-1,1,384.060059,545.249695,-1
0,393,59,-1,-1,-1,-1,1,377.719177,583.871704,-1
0,393,58,-1,-1,-1,-1,1,876.498779,205.267426,-1
0,393,57,-1,-1,-1,-1,1,844.588501,272.4245,-1
0,393,56,-1,-1,-1,-1,1,856.685242,456.579895,-1
0,393,55,-1,-1,-1,-1,1,129.051239,308.645111,-1
0,393,54,-1,-1,-1,-1,1,56.455055,185.205765,-1
0,393,52,-1,-1,-1,-1,1,192.419144,380.181274,-1
0,393,51,-1,-1,-1,-1,1,609.344727,316.095245,-1
0,393,50,-1,-1,-1,-1,1,324.839417,332.016266,-1
0,393,49,-1,-1,-1,-1,1,376.939758,80.855225,-1
0,393,48,-1,-1,-1,-1,1,266.053162,633.129639,-1
0,393,47,-1,-1,-1,-1,1,508.827454,200.746185,-1
0,393,46,-1,-1,-1,-1,1,433.358124,397.562592,-1
0,393,45,-1,-1,-1,-1,1,236.038147,165.597626,-1
0,393,43,-1,-1,-1,-1,1,321.104614,584.148499,-1
0,393,42,-1,-1,-1,-1,1,509.31604,512.023315,-1
0,393,39,-1,-1,-1,-1,1,472.702667,560.09198,-1
0,393,36,-1,-1,-1,-1,1,296.304077,625.240295,-1
0,393,35,-1,-1,-1,-1,1,684.296204,500.134247,-1
0,393,34,-1,-1,-1,-1,1,376.278168,385.094391,-1
0,393,33,-1,-1,-1,-1,1,705.186279,569.513184,-1
0,393,32,-1,-1,-1,-1,1,152.901123,616.495544,-1
0,393,30,-1,-1,-1,-1,1,100.900085,328.289307,-1
0,393,29,-1,-1,-1,-1,1,568.434509,421.482635,-1
0,393,28,-1,-1,-1,-1,1,328.907532,236.229919,-1
0,393,27,-1,-1,-1,-1,1,160.709991,224.231674,-1
0,393,22,-1,-1,-1,-1,1,208.783417,352.205078,-1
0,393,18,-1,-1,-1,-1,1,792.460266,424.30426,-1
0,393,15,-1,-1,-1,-1,1,199.537827,597.328613,-1
0,393,14,-1,-1,-1,-1,1,580.940674,196.063034,-1
0,393,12,-1,-1,-1,-1,1,548.576843,484.745453,-1
0,393,9,-1,-1,-1,-1,1,780.926025,144.391464,-1
0,393,8,-1,-1,-1,-1,1,723.982361,125.933975,-1
0,393,7,-1,-1,-1,-1,1,536.828308,252.286362,-1
0,393,1,-1,-1,-1,-1,1,140.938293,136.622391,-1
0,394,63,-1,-1,-1,-1,1,755.753296,68.61911,-1
0,394,62,-1,-1,-1,-1,1,249.461533,545.320007,-1
0,394,61,-1,-1,-1,-1,1,757.200562,28.052389,-1
0,394,60,-1,-1,-1,-1,1,408.99707,544.154175,-1
0,394,59,-1,-1,-1,-1,1,384.042999,560.967346,-1
0,394,58,-1,-1,-1,-1,1,852.989075,205.882904,-1
0,394,57,-1,-1,-1,-1,1,821.184509,284.212524,-1
0,394,56,-1,-1,-1,-1,1,857.341614,432.171448,-1
0,394,55,-1,-1,-1,-1,1,133.155396,332.324829,-1
0,394,54,-1,-1,-1,-1,1,32.977417,177.37677,-1
0,394,52,-1,-1,-1,-1,1,192.692764,349.933777,-1
0,394,51,-1,-1,-1,-1,1,587.957153,325.284119,-1
0,394,50,-1,-1,-1,-1,1,348.407715,337.034882,-1
0,394,49,-1,-1,-1,-1,1,352.980896,81.452904,-1
0,394,47,-1,-1,-1,-1,1,492.760437,219.960541,-1
0,394,46,-1,-1,-1,-1,1,411.941437,388.885773,-1
0,394,45,-1,-1,-1,-1,1,260.382507,164.193161,-1
0,394,43,-1,-1,-1,-1,1,320.391541,608.437744,-1
0,394,42,-1,-1,-1,-1,1,481.397339,516.233643,-1
0,394,39,-1,-1,-1,-1,1,492.798004,557.718323,-1
0,394,35,-1,-1,-1,-1,1,701.160278,513.419434,-1
0,394,34,-1,-1,-1,-1,1,352.666016,396.388214,-1
0,394,33,-1,-1,-1,-1,1,720.904846,556.59021,-1
0,394,32,-1,-1,-1,-1,1,153.192078,593.76355,-1
0,394,30,-1,-1,-1,-1,1,89.361244,352.258789,-1
0,394,29,-1,-1,-1,-1,1,591.968811,410.141815,-1
0,394,28,-1,-1,-1,-1,1,352.390015,233.623764,-1
0,394,27,-1,-1,-1,-1,1,176.857239,244.476532,-1
0,394,22,-1,-1,-1,-1,1,199.901093,377.407745,-1
0,394,18,-1,-1,-1,-1,1,792.325867,448.330078,-1
0,394,14,-1,-1,-1,-1,1,557.475952,196.206131,-1
0,394,12,-1,-1,-1,-1,1,524.860352,480.67157,-1
0,394,9,-1,-1,-1,-1,1,788.436035,125.328384,-1
0,394,8,-1,-1,-1,-1,1,748.687378,124.033257,-1
0,394,7,-1,-1,-1,-1,1,560.479614,248.766907,-1
0,394,1,-1,-1,-1,-1,1,117.199333,133.331009,-1
0,395,63,-1,-1,-1,-1,1,744.55011,93.725159,-1
0,395,62,-1,-1,-1,-1,1,257.019409,524.161926,-1
0,395,61,-1,-1,-1,-1,1,764.788574,48.290314,-1
0,395,60,-1,-1,-1,-1,1,429.607269,541.755066,-1
0,395,59,-1,-1,-1,-1,1,384.369202,536.496887,-1
0,395,58,-1,-1,-1,-1,1,825.19458,204.033356,-1
0,395,57,-1,-1,-1,-1,1,804.619629,298.006165,-1
0,395,56,-1,-1,-1,-1,1,856.669006,408.254181,-1
0,395,55,-1,-1,-1,-1,1,136.663147,356.201996,-1
0,395,54,-1,-1,-1,-1,1,12.570382,180.714691,-1
0,395,52,-1,-1,-1,-1,1,188.58078,328.539764,-1
0,395,51,-1,-1,-1,-1,1,565.800964,336.39386,-1
0,395,50,-1,-1,-1,-1,1,372.117188,342.338226,-1
0,395,49,-1,-1,-1,-1,1,328.990845,84.777641,-1
0,395,47,-1,-1,-1,-1,1,480.347443,238.165878,-1
0,395,46,-1,-1,-1,-1,1,388.107574,382.042633,-1
0,395,45,-1,-1,-1,-1,1,284.664368,160.768692,-1
0,395,43,-1,-1,-1,-1,1,312.991272,629.185181,-1
0,395,42,-1,-1,-1,-1,1,460.657745,517.742371,-1
0,395,39,-1,-1,-1,-1,1,517.111755,556.206726,-1
0,395,35,-1,-1,-1,-1,1,714.302856,529.950134,-1
0,395,34,-1,-1,-1,-1,1,329.251465,405.003479,-1
0,395,33,-1,-1,-1,-1,1,734.571594,535.671936,-1
0,395,30,-1,-1,-1,-1,1,80.842056,365.468018,-1
0,395,29,-1,-1,-1,-1,1,612.491638,401.230743,-1
0,395,28,-1,-1,-1,-1,1,376.89859,232.124069,-1
0,395,27,-1,-1,-1,-1,1,195.937546,261.078918,-1
0,395,22,-1,-1,-1,-1,1,195.880753,401.58075,-1
0,395,18,-1,-1,-1,-1,1,792.345764,469.662842,-1
0,395,15,-1,-1,-1,-1,1,156.064392,569.751099,-1
0,395,14,-1,-1,-1,-1,1,533.03949,193.762589,-1
0,395,12,-1,-1,-1,-1,1,504.004181,477.694366,-1
0,395,9,-1,-1,-1,-1,1,792.873535,97.741432,-1
0,395,8,-1,-1,-1,-1,1,769.361084,124.021362,-1
0,395,7,-1,-1,-1,-1,1,584.24054,249.113281,-1
0,395,1,-1,-1,-1,-1,1,93.197441,132.62587,-1
0,396,63,-1,-1,-1,-1,1,740.47876,118.003677,-1
0,396,62,-1,-1,-1,-1,1,280.813873,516.646912,-1
0,396,61,-1,-1,-1,-1,1,756.434204,60.124134,-1
0,396,60,-1,-1,-1,-1,1,456.462189,544.422852,-1
0,396,59,-1,-1,-1,-1,1,385.158295,512.105225,-1
0,396,58,-1,-1,-1,-1,1,808.682129,204.660248,-1
0,396,57,-1,-1,-1,-1,1,784.502441,312.246399,-1
0,396,56,-1,-1,-1,-1,1,857.118408,384.293091,-1
0,396,55,-1,-1,-1,-1,1,139.899109,380.308563,-1
0,396,52,-1,-1,-1,-1,1,184.498474,305.34848,-1
0,396,51,-1,-1,-1,-1,1,545.005615,348.285126,-1
0,396,50,-1,-1,-1,-1,1,395.894073,349.729645,-1
0,396,49,-1,-1,-1,-1,1,305.075989,85.529449,-1
0,396,47,-1,-1,-1,-1,1,468.058868,257.595032,-1
0,396,46,-1,-1,-1,-1,1,368.800018,376.060455,-1
0,396,45,-1,-1,-1,-1,1,308.880981,160.396652,-1
0,396,42,-1,-1,-1,-1,1,436.16214,521.299622,-1
0,396,39,-1,-1,-1,-1,1,541.254517,556.180481,-1
0,396,35,-1,-1,-1,-1,1,737.190857,547.900635,-1
0,396,34,-1,-1,-1,-1,1,312.356506,416.235229,-1
0,396,33,-1,-1,-1,-1,1,736.546936,509.15976,-1
0,396,32,-1,-1,-1,-1,1,157.645493,581.157043,-1
0,396,30,-1,-1,-1,-1,1,76.787437,392.842163,-1
0,396,29,-1,-1,-1,-1,1,632.806946,392.093903,-1
0,396,28,-1,-1,-1,-1,1,400.928802,230.054443,-1
0,396,27,-1,-1,-1,-1,1,212.030899,277.806519,-1
0,396,22,-1,-1,-1,-1,1,188.043259,422.299103,-1
0,396,18,-1,-1,-1,-1,1,792.756104,496.518768,-1
0,396,15,-1,-1,-1,-1,1,106.04274,608.79248,-1
0,396,14,-1,-1,-1,-1,1,509.022369,192.108383,-1
0,396,12,-1,-1,-1,-1,1,479.985779,473.962555,-1
0,396,9,-1,-1,-1,-1,1,800.373657,76.476181,-1
0,396,8,-1,-1,-1,-1,1,808.236145,121.071526,-1
0,396,7,-1,-1,-1,-1,1,608.478333,248.975113,-1
0,396,1,-1,-1,-1,-1,1,64.723305,121.392296,-1
0,397,63,-1,-1,-1,-1,1,733.193176,140.296631,-1
0,397,62,-1,-1,-1,-1,1,300.483246,504.831177,-1
0,397,61,-1,-1,-1,-1,1,728.810425,61.898853,-1
0,397,60,-1,-1,-1,-1,1,476.606567,537.885437,-1
0,397,59,-1,-1,-1,-1,1,385.729401,484.63678,-1
0,397,58,-1,-1,-1,-1,1,780.893188,201.685715,-1
0,397,57,-1,-1,-1,-1,1,763.99585,324.881927,-1
0,397,56,-1,-1,-1,-1,1,852.541748,364.825775,-1
0,397,55,-1,-1,-1,-1,1,141.01416,405.051056,-1
0,397,52,-1,-1,-1,-1,1,181.276138,279.976349,-1
0,397,51,-1,-1,-1,-1,1,521.237305,357.666656,-1
0,397,50,-1,-1,-1,-1,1,417.507599,356.693024,-1
0,397,49,-1,-1,-1,-1,1,280.626526,88.29422,-1
0,397,48,-1,-1,-1,-1,1,339.641937,638.683777,-1
0,397,47,-1,-1,-1,-1,1,449.475342,277.108063,-1
0,397,46,-1,-1,-1,-1,1,352.888763,357.153381,-1
0,397,45,-1,-1,-1,-1,1,332.398834,157.309494,-1
0,397,42,-1,-1,-1,-1,1,413.104248,528.089111,-1
0,397,39,-1,-1,-1,-1,1,568.326477,549.692993,-1
0,397,35,-1,-1,-1,-1,1,760.698975,564.28418,-1
0,397,34,-1,-1,-1,-1,1,293.566101,436.124664,-1
0,397,33,-1,-1,-1,-1,1,744.970215,485.940613,-1
0,397,32,-1,-1,-1,-1,1,160.733261,524.620728,-1
0,397,30,-1,-1,-1,-1,1,80.583931,416.278687,-1
0,397,29,-1,-1,-1,-1,1,655.916443,377.963043,-1
0,397,28,-1,-1,-1,-1,1,424.914642,228.516708,-1
0,397,27,-1,-1,-1,-1,1,228.430603,297.076477,-1
0,397,22,-1,-1,-1,-1,1,184.47731,445.740356,-1
0,397,18,-1,-1,-1,-1,1,792.75946,520.190063,-1
0,397,15,-1,-1,-1,-1,1,92.435005,624.476746,-1
0,397,14,-1,-1,-1,-1,1,485.282562,189.980057,-1
0,397,12,-1,-1,-1,-1,1,456.262421,472.279236,-1
0,397,9,-1,-1,-1,-1,1,805.259216,53.412491,-1
0,397,8,-1,-1,-1,-1,1,809.261841,109.737732,-1
0,397,7,-1,-1,-1,-1,1,632.760376,246.116257,-1
0,397,1,-1,-1,-1,-1,1,45.255657,128.78653,-1
0,398,64,-1,-1,-1,-1,1,836.162048,622.165222,-1
0,398,63,-1,-1,-1,-1,1,728.674011,164.955078,-1
0,398,62,-1,-1,-1,-1,1,321.73999,496.017609,-1
0,398,61,-1,-1,-1,-1,1,705.09259,68.420593,-1
0,398,60,-1,-1,-1,-1,1,504.29303,534.0401,-1
0,398,59,-1,-1,-1,-1,1,393.575104,465.662262,-1
0,398,58,-1,-1,-1,-1,1,760.082092,201.858078,-1
0,398,57,-1,-1,-1,-1,1,744.240295,336.974945,-1
0,398,56,-1,-1,-1,-1,1,836.748108,345.165314,-1
0,398,55,-1,-1,-1,-1,1,145.167374,428.216431,-1
0,398,52,-1,-1,-1,-1,1,180.003754,258.164398,-1
0,398,51,-1,-1,-1,-1,1,504.55722,365.751099,-1
0,398,50,-1,-1,-1,-1,1,440.741302,364.680145,-1
0,398,49,-1,-1,-1,-1,1,256.199554,85.591743,-1
0,398,48,-1,-1,-1,-1,1,401.185028,621.601318,-1
0,398,47,-1,-1,-1,-1,1,440.020569,297.17157,-1
0,398,46,-1,-1,-1,-1,1,336.218262,337.555725,-1
0,398,45,-1,-1,-1,-1,1,356.407288,157.124725,-1
0,398,43,-1,-1,-1,-1,1,336.090302,616.96637,-1
0,398,42,-1,-1,-1,-1,1,388.811249,528.303345,-1
0,398,39,-1,-1,-1,-1,1,592.019897,548.99646,-1
0,398,35,-1,-1,-1,-1,1,776.756287,580.371887,-1
0,398,34,-1,-1,-1,-1,1,280.799194,452.581757,-1
0,398,33,-1,-1,-1,-1,1,752.826599,464.465515,-1
0,398,32,-1,-1,-1,-1,1,164.150269,501.953278,-1
0,398,30,-1,-1,-1,-1,1,76.547615,440.677734,-1
0,398,29,-1,-1,-1,-1,1,664.665588,357.844818,-1
0,398,28,-1,-1,-1,-1,1,448.690765,228.302139,-1
0,398,27,-1,-1,-1,-1,1,244.30278,313.617798,-1
0,398,22,-1,-1,-1,-1,1,176.59758,468.993622,-1
0,398,18,-1,-1,-1,-1,1,793.00708,544.141785,-1
0,398,15,-1,-1,-1,-1,1,96.45784,601.436279,-1
0,398,14,-1,-1,-1,-1,1,461.000977,188.875275,-1
0,398,12,-1,-1,-1,-1,1,432.261963,469.428558,-1
0,398,9,-1,-1,-1,-1,1,808.713806,32.366421,-1
0,398,8,-1,-1,-1,-1,1,808.751038,88.745895,-1
0,398,7,-1,-1,-1,-1,1,656.403259,245.281052,-1
0,398,1,-1,-1,-1,-1,1,21.129923,124.863876,-1
0,399,64,-1,-1,-1,-1,1,824.668457,601.380615,-1
0,399,63,-1,-1,-1,-1,1,716.740723,182.00589,-1
0,399,62,-1,-1,-1,-1,1,344.869385,484.400055,-1
0,399,61,-1,-1,-1,-1,1,684.861694,64.31456,-1
0,399,60,-1,-1,-1,-1,1,524.958557,532.497253,-1
0,399,59,-1,-1,-1,-1,1,408.833618,441.7034,-1
0,399,58,-1,-1,-1,-1,1,735.911499,204.738678,-1
0,399,57,-1,-1,-1,-1,1,728.732361,352.286072,-1
0,399,56,-1,-1,-1,-1,1,820.841675,329.345825,-1
0,399,55,-1,-1,-1,-1,1,145.528152,453.010712,-1
0,399,54,-1,-1,-1,-1,1,25.358576,201.228165,-1
0,399,52,-1,-1,-1,-1,1,168.193359,240.738922,-1
0,399,51,-1,-1,-1,-1,1,483.370026,380.63092,-1
0,399,50,-1,-1,-1,-1,1,457.566528,370.483002,-1
0,399,49,-1,-1,-1,-1,1,232.75621,89.616516,-1
0,399,47,-1,-1,-1,-1,1,423.944092,314.148834,-1
0,399,46,-1,-1,-1,-1,1,320.759766,320.058258,-1
0,399,45,-1,-1,-1,-1,1,380.629578,153.91217,-1
0,399,43,-1,-1,-1,-1,1,403.912231,596.899292,-1
0,399,42,-1,-1,-1,-1,1,368.719238,533.548889,-1
0,399,39,-1,-1,-1,-1,1,613.507019,548.214661,-1
0,399,35,-1,-1,-1,-1,1,792.260437,593.115723,-1
0,399,34,-1,-1,-1,-1,1,268.884644,473.128113,-1
0,399,33,-1,-1,-1,-1,1,760.946411,440.94104,-1
0,399,32,-1,-1,-1,-1,1,173.729767,482.402771,-1
0,399,30,-1,-1,-1,-1,1,80.916351,464.839294,-1
0,399,29,-1,-1,-1,-1,1,673.656616,336.009979,-1
0,399,28,-1,-1,-1,-1,1,472.557861,224.921249,-1
0,399,27,-1,-1,-1,-1,1,259.912476,330.23526,-1
0,399,22,-1,-1,-1,-1,1,332.227905,595.985901,-1
0,399,18,-1,-1,-1,-1,1,793.02594,566.572021,-1
0,399,15,-1,-1,-1,-1,1,92.850342,576.685425,-1
0,399,14,-1,-1,-1,-1,1,436.479553,189.117874,-1
0,399,12,-1,-1,-1,-1,1,405.479065,472.038147,-1
0,399,9,-1,-1,-1,-1,1,812.09137,8.757211,-1
0,399,8,-1,-1,-1,-1,1,808.998718,65.40274,-1
0,399,7,-1,-1,-1,-1,1,680.8479,244.273697,-1
0,399,1,-1,-1,-1,-1,1,8.55994,140.69751,-1
