360,1,202.142792,405.495728,0,0,1,1,1.000000
361,1,182.055969,420.799133,0,0,1,1,1.000000
363,1,154.063522,364.423248,0,0,1,1,1.000000
367,1,102.511391,289.42981,0,0,1,1,1.000000
369,1,148.107178,237.285858,0,0,1,1,1.000000
370,1,128.239899,224.752319,0,0,1,1,1.000000
371,1,106.995934,213.752563,0,0,1,1,1.000000
372,1,86.926414,200.771484,0,0,1,1,1.000000
373,1,65.470406,186.407562,0,0,1,1,1.000000
374,1,42.850071,169.290344,0,0,1,1,1.000000
375,1,22.21632,173.434128,0,0,1,1,1.000000
376,1,10.827773,112.767685,0,0,1,1,1.000000
377,1,33.611504,112.996391,0,0,1,1,1.000000
378,1,57.913818,113.254379,0,0,1,1,1.000000
379,1,84.173485,114.146912,0,0,1,1,1.000000
380,1,100.511681,125.851883,0,0,1,1,1.000000
381,1,116.98111,145.417145,0,0,1,1,1.000000
382,1,132.798996,161.133011,0,0,1,1,1.000000
383,1,141.894012,132.36647,0,0,1,1,1.000000
385,1,97.155258,130.081467,0,0,1,1,1.000000
386,1,73.420311,129.427032,0,0,1,1,1.000000
388,1,78.384483,137.492035,0,0,1,1,1.000000
360,2,824.866455,440.654999,0,0,1,1,1.000000
361,2,809.338989,421.937622,0,0,1,1,1.000000
362,2,793.64032,404.394989,0,0,1,1,1.000000
363,2,777.896057,385.317657,0,0,1,1,1.000000
364,2,762.74176,367.002289,0,0,1,1,1.000000
365,2,746.794861,349.758972,0,0,1,1,1.000000
366,2,730.891296,332.105255,0,0,1,1,1.000000
367,2,716.755432,312.969849,0,0,1,1,1.000000
368,2,700.659851,294.441528,0,0,1,1,1.000000
369,2,685.093445,276.482544,0,0,1,1,1.000000
370,2,674.600159,248.304428,0,0,1,1,1.000000
371,2,652.459656,258.280243,0,0,1,1,1.000000
372,2,626.949768,257.976196,0,0,1,1,1.000000
373,2,602.840393,257.035858,0,0,1,1,1.000000
374,2,580.44397,256.400879,0,0,1,1,1.000000
375,2,556.180786,256.11438,0,0,1,1,1.000000
376,2,533.019531,255.148361,0,0,1,1,1.000000
377,2,508.20871,254.582687,0,0,1,1,1.000000
378,2,505.195465,290.879578,0,0,1,1,1.000000
379,2,460.353699,253.67601,0,0,1,1,1.000000
380,2,436.509186,252.738052,0,0,1,1,1.000000
381,2,412.139374,252.59819,0,0,1,1,1.000000
382,2,388.325653,251.239014,0,0,1,1,1.000000
383,2,364.366943,250.998459,0,0,1,1,1.000000
384,2,340.273224,249.796463,0,0,1,1,1.000000
385,2,316.337585,249.638031,0,0,1,1,1.000000
386,2,269.526306,226.036041,0,0,1,1,1.000000
387,2,253.068253,208.056229,0,0,1,1,1.000000
388,2,244.74118,249.242126,0,0,1,1,1.000000
389,2,229.033615,242.807846,0,0,1,1,1.000000
390,2,256.530731,240.088043,0,0,1,1,1.000000
391,2,280.204041,238.82309,0,0,1,1,1.000000
392,2,305.209503,236.91037,0,0,1,1,1.000000
393,2,326.907837,234.639328,0,0,1,1,1.000000
394,2,352.267212,232.982086,0,0,1,1,1.000000
395,2,374.830383,230.499466,0,0,1,1,1.000000
396,2,400.361115,229.065704,0,0,1,1,1.000000
397,2,422.242218,228.768692,0,0,1,1,1.000000
398,2,448.197632,225.193771,0,0,1,1,1.000000
399,2,470.245575,224.233566,0,0,1,1,1.000000
360,3,557.811218,506.537109,0,0,1,1,1.000000
361,3,581.876038,506.691681,0,0,1,1,1.000000
362,3,605.279236,504.305847,0,0,1,1,1.000000
363,3,629.685974,501.544434,0,0,1,1,1.000000
364,3,653.164062,500.891418,0,0,1,1,1.000000
365,3,677.612244,499.082336,0,0,1,1,1.000000
366,3,698.011902,510.27121,0,0,1,1,1.000000
367,3,720.270142,522.998047,0,0,1,1,1.000000
368,3,740.838501,533.09491,0,0,1,1,1.000000
369,3,760.758057,542.830078,0,0,1,1,1.000000
370,3,757.938965,565.952454,0,0,1,1,1.000000
371,3,798.421509,552.027771,0,0,1,1,1.000000
372,3,799.06665,576.138,0,0,1,1,1.000000
373,3,799.994812,601.26062,0,0,1,1,1.000000
374,3,837.29187,568.255615,0,0,1,1,1.000000
375,3,822.426575,549.712402,0,0,1,1,1.000000
376,3,807.97229,533.712891,0,0,1,1,1.000000
377,3,784.561951,565.479309,0,0,1,1,1.000000
399,3,769.57019,618.763733,0,0,1,1,1.000000
360,4,125.752296,349.208252,0,0,1,1,1.000000
361,4,128.546494,372.487244,0,0,1,1,1.000000
362,4,133.242462,397.240173,0,0,1,1,1.000000
363,4,134.499313,420.699921,0,0,1,1,1.000000
364,4,137.93782,444.573486,0,0,1,1,1.000000
365,4,139.165253,466.438446,0,0,1,1,1.000000
366,4,145.741211,489.221741,0,0,1,1,1.000000
367,4,162.058151,504.655914,0,0,1,1,1.000000
368,4,181.303406,521.148499,0,0,1,1,1.000000
369,4,200.208328,536.955994,0,0,1,1,1.000000
370,4,221.919739,553.356628,0,0,1,1,1.000000
371,4,237.540497,561.096741,0,0,1,1,1.000000
372,4,260.714844,573.49762,0,0,1,1,1.000000
373,4,269.720001,553.591858,0,0,1,1,1.000000
374,4,293.035675,598.356506,0,0,1,1,1.000000
375,4,296.79953,605.424927,0,0,1,1,1.000000
376,4,304.876953,617.477234,0,0,1,1,1.000000
377,4,325.271637,605.356445,0,0,1,1,1.000000
378,4,349.054016,605.230957,0,0,1,1,1.000000
379,4,362.006073,624.917542,0,0,1,1,1.000000
380,4,350.567108,608.805359,0,0,1,1,1.000000
381,4,332.944794,590.318237,0,0,1,1,1.000000
382,4,316.716919,577.041565,0,0,1,1,1.000000
383,4,349.631195,522.715454,0,0,1,1,1.000000
384,4,372.274994,513.301941,0,0,1,1,1.000000
385,4,387.022552,543.943481,0,0,1,1,1.000000
387,4,368.929932,609.874146,0,0,1,1,1.000000
388,4,369.500702,584.979309,0,0,1,1,1.000000
389,4,373.04953,565.826599,0,0,1,1,1.000000
390,4,398.630859,564.435669,0,0,1,1,1.000000
391,4,422.270264,561.931885,0,0,1,1,1.000000
392,4,446.445496,560.88147,0,0,1,1,1.000000
393,4,469.795135,557.634155,0,0,1,1,1.000000
394,4,493.081421,556.204712,0,0,1,1,1.000000
395,4,460.949371,518.60144,0,0,1,1,1.000000
396,4,448.686676,540.937073,0,0,1,1,1.000000
397,4,478.134491,536.437073,0,0,1,1,1.000000
398,4,502.124847,533.48407,0,0,1,1,1.000000
399,4,525.61084,530.989624,0,0,1,1,1.000000
360,5,806.511414,493.039154,0,0,1,1,1.000000
361,5,790.717041,476.308197,0,0,1,1,1.000000
362,5,770.362122,466.897736,0,0,1,1,1.000000
363,5,745.713684,461.291687,0,0,1,1,1.000000
364,5,726.169678,454.287109,0,0,1,1,1.000000
365,5,700.784485,445.734314,0,0,1,1,1.000000
366,5,678.257629,440.266602,0,0,1,1,1.000000
367,5,654.996338,433.220428,0,0,1,1,1.000000
368,5,636.254639,429.175201,0,0,1,1,1.000000
369,5,609.697876,419.256714,0,0,1,1,1.000000
370,5,585.473267,413.795624,0,0,1,1,1.000000
371,5,564.1521,406.273926,0,0,1,1,1.000000
372,5,538.252014,400.052277,0,0,1,1,1.000000
373,5,513.483948,393.215118,0,0,1,1,1.000000
374,5,492.520813,384.829224,0,0,1,1,1.000000
375,5,468.825409,378.561584,0,0,1,1,1.000000
376,5,448.822571,372.892334,0,0,1,1,1.000000
377,5,424.169952,364.954193,0,0,1,1,1.000000
378,5,402.085022,358.296722,0,0,1,1,1.000000
379,5,381.160736,350.442078,0,0,1,1,1.000000
380,5,365.178833,333.043945,0,0,1,1,1.000000
381,5,364.389893,353.528961,0,0,1,1,1.000000
382,5,349.373352,372.80307,0,0,1,1,1.000000
383,5,334.033112,393.330566,0,0,1,1,1.000000
384,5,328.065338,413.78598,0,0,1,1,1.000000
385,5,324.248901,437.79892,0,0,1,1,1.000000
387,5,315.047668,484.381256,0,0,1,1,1.000000
388,5,310.040985,508.188263,0,0,1,1,1.000000
390,5,200.271667,446.311371,0,0,1,1,1.000000
391,5,197.648285,422.434753,0,0,1,1,1.000000
392,5,194.978485,398.078247,0,0,1,1,1.000000
393,5,192.803543,376.099701,0,0,1,1,1.000000
394,5,198.757111,373.711487,0,0,1,1,1.000000
395,5,194.748581,398.256866,0,0,1,1,1.000000
396,5,189.005798,421.286957,0,0,1,1,1.000000
397,5,184.796341,444.701691,0,0,1,1,1.000000
398,5,177.994827,469.603241,0,0,1,1,1.000000
399,5,169.381546,474.148804,0,0,1,1,1.000000
360,6,590.650574,273.17395,0,0,1,1,1.000000
361,6,568.920166,282.828461,0,0,1,1,1.000000
362,6,549.42688,294.291107,0,0,1,1,1.000000
363,6,528.242065,302.791382,0,0,1,1,1.000000
364,6,505.094116,315.039581,0,0,1,1,1.000000
365,6,484.653473,325.156708,0,0,1,1,1.000000
366,6,461.339386,332.43158,0,0,1,1,1.000000
367,6,438.726624,345.394379,0,0,1,1,1.000000
368,6,416.976654,353.813385,0,0,1,1,1.000000
369,6,397.127167,365.350586,0,0,1,1,1.000000
370,6,372.894409,376.742676,0,0,1,1,1.000000
371,6,350.1073,385.112915,0,0,1,1,1.000000
372,6,329.613068,394.498962,0,0,1,1,1.000000
373,6,309.265625,405.94809,0,0,1,1,1.000000
374,6,286.026245,414.797913,0,0,1,1,1.000000
375,6,273.966156,432.477875,0,0,1,1,1.000000
376,6,262.720734,453.867828,0,0,1,1,1.000000
377,6,246.655563,474.172668,0,0,1,1,1.000000
378,6,194.538254,474.13913,0,0,1,1,1.000000
379,6,185.485031,508.633667,0,0,1,1,1.000000
381,6,172.934723,565.594849,0,0,1,1,1.000000
382,6,165.928467,576.60614,0,0,1,1,1.000000
383,6,162.166,597.746826,0,0,1,1,1.000000
384,6,154.644516,621.403015,0,0,1,1,1.000000
393,6,152.902695,613.843628,0,0,1,1,1.000000
394,6,154.38562,593.398315,0,0,1,1,1.000000
397,6,90.275375,628.986084,0,0,1,1,1.000000
360,7,636.325134,449.867432,0,0,1,1,1.000000
361,7,612.315979,453.825928,0,0,1,1,1.000000
362,7,588.305359,456.948578,0,0,1,1,1.000000
363,7,562.074097,460.426788,0,0,1,1,1.000000
364,7,538.547607,463.954346,0,0,1,1,1.000000
365,7,514.231506,466.681274,0,0,1,1,1.000000
366,7,493.579773,469.37915,0,0,1,1,1.000000
367,7,469.878387,473.575958,0,0,1,1,1.000000
368,7,445.710632,476.846069,0,0,1,1,1.000000
369,7,421.373352,480.095367,0,0,1,1,1.000000
370,7,398.200378,484.529327,0,0,1,1,1.000000
371,7,373.775726,485.964661,0,0,1,1,1.000000
372,7,352.364685,489.366119,0,0,1,1,1.000000
373,7,326.608734,492.783112,0,0,1,1,1.000000
374,7,301.926819,496.527527,0,0,1,1,1.000000
375,7,278.737396,500.146088,0,0,1,1,1.000000
376,7,255.143112,501.40152,0,0,1,1,1.000000
377,7,230.941803,505.913696,0,0,1,1,1.000000
378,7,236.389725,492.698669,0,0,1,1,1.000000
379,7,225.15538,513.580994,0,0,1,1,1.000000
380,7,210.567474,532.916809,0,0,1,1,1.000000
381,7,206.192444,554.648743,0,0,1,1,1.000000
382,7,202.761398,581.068237,0,0,1,1,1.000000
387,7,85.387077,585.420532,0,0,1,1,1.000000
388,7,85.50499,609.86792,0,0,1,1,1.000000
398,7,93.302452,602.291443,0,0,1,1,1.000000
399,7,93.105049,577.54425,0,0,1,1,1.000000
360,8,354.445343,105.59269,0,0,1,1,1.000000
361,8,329.835052,106.682487,0,0,1,1,1.000000
362,8,305.613464,106.864052,0,0,1,1,1.000000
363,8,281.358276,108.864632,0,0,1,1,1.000000
364,8,258.868439,109.476082,0,0,1,1,1.000000
365,8,233.919434,110.536079,0,0,1,1,1.000000
366,8,213.333557,117.063499,0,0,1,1,1.000000
367,8,202.004501,137.422272,0,0,1,1,1.000000
368,8,189.574829,158.768967,0,0,1,1,1.000000
369,8,178.287521,181.720123,0,0,1,1,1.000000
370,8,165.768341,201.096741,0,0,1,1,1.000000
371,8,154.484406,220.900513,0,0,1,1,1.000000
372,8,143.063599,241.958496,0,0,1,1,1.000000
373,8,130.835724,262.740082,0,0,1,1,1.000000
374,8,120.473747,284.451233,0,0,1,1,1.000000
375,8,108.164162,305.450256,0,0,1,1,1.000000
376,8,97.193947,326.127441,0,0,1,1,1.000000
377,8,85.667938,348.421631,0,0,1,1,1.000000
378,8,86.446861,370.632965,0,0,1,1,1.000000
379,8,85.978905,394.601715,0,0,1,1,1.000000
380,8,97.102028,405.454834,0,0,1,1,1.000000
381,8,102.460136,381.270966,0,0,1,1,1.000000
382,8,110.276672,357.843597,0,0,1,1,1.000000
383,8,116.644585,333.794342,0,0,1,1,1.000000
384,8,125.29805,312.19519,0,0,1,1,1.000000
385,8,132.155746,289.082794,0,0,1,1,1.000000
386,8,139.951599,265.365692,0,0,1,1,1.000000
387,8,146.047531,237.5681,0,0,1,1,1.000000
388,8,158.110687,245.351944,0,0,1,1,1.000000
390,8,133.027374,257.732239,0,0,1,1,1.000000
391,8,122.077637,282.320526,0,0,1,1,1.000000
392,8,109.218346,304.383789,0,0,1,1,1.000000
393,8,98.747337,325.202911,0,0,1,1,1.000000
394,8,88.541229,350.237305,0,0,1,1,1.000000
395,8,76.999489,365.320068,0,0,1,1,1.000000
396,8,76.376564,390.520294,0,0,1,1,1.000000
397,8,74.65612,414.195679,0,0,1,1,1.000000
398,8,74.823868,437.489105,0,0,1,1,1.000000
399,8,73.612488,465.240265,0,0,1,1,1.000000
360,9,556.993774,240.467255,0,0,1,1,1.000000
361,9,580.476379,239.112656,0,0,1,1,1.000000
362,9,604.484131,237.913239,0,0,1,1,1.000000
363,9,628.783447,236.907974,0,0,1,1,1.000000
364,9,651.000854,234.849594,0,0,1,1,1.000000
365,9,676.712036,233.763306,0,0,1,1,1.000000
366,9,700.455872,232.53595,0,0,1,1,1.000000
367,9,722.750549,230.646896,0,0,1,1,1.000000
368,9,748.710144,230.264923,0,0,1,1,1.000000
369,9,772.647156,228.090836,0,0,1,1,1.000000
370,9,796.776062,228.577072,0,0,1,1,1.000000
371,9,821.895996,226.21254,0,0,1,1,1.000000
372,9,845.300049,224.619324,0,0,1,1,1.000000
373,9,869.311523,222.066925,0,0,1,1,1.000000
374,9,890.045715,221.037079,0,0,1,1,1.000000
375,9,914.367981,221.607193,0,0,1,1,1.000000
376,9,938.343323,221.693375,0,0,1,1,1.000000
377,9,964.719299,226.718643,0,0,1,1,1.000000
378,9,985.771484,227.006119,0,0,1,1,1.000000
387,9,977.481079,236.979477,0,0,1,1,1.000000
389,9,929.796631,241.051361,0,0,1,1,1.000000
390,9,905.806519,241.926086,0,0,1,1,1.000000
391,9,884.407715,246.149506,0,0,1,1,1.000000
392,9,862.080139,258.708771,0,0,1,1,1.000000
393,9,842.140625,270.859772,0,0,1,1,1.000000
360,10,702.675476,517.921082,0,0,1,1,1.000000
361,10,710.553833,495.934601,0,0,1,1,1.000000
362,10,717.688416,472.759521,0,0,1,1,1.000000
363,10,726.18335,449.308044,0,0,1,1,1.000000
364,10,732.743652,426.810486,0,0,1,1,1.000000
365,10,745.591248,408.575195,0,0,1,1,1.000000
366,10,761.930542,392.047638,0,0,1,1,1.000000
367,10,778.502563,374.921753,0,0,1,1,1.000000
368,10,796.198853,357.786102,0,0,1,1,1.000000
369,10,812.433655,341.334808,0,0,1,1,1.000000
370,10,829.247864,322.402618,0,0,1,1,1.000000
371,10,846.474609,310.285614,0,0,1,1,1.000000
372,10,870.102966,308.092896,0,0,1,1,1.000000
373,10,853.789368,280.510406,0,0,1,1,1.000000
374,10,833.371155,293.145599,0,0,1,1,1.000000
375,10,812.332825,305.473053,0,0,1,1,1.000000
394,10,821.568054,283.091034,0,0,1,1,1.000000
395,10,802.443665,298.056732,0,0,1,1,1.000000
396,10,781.919312,310.48349,0,0,1,1,1.000000
397,10,761.253723,324.310547,0,0,1,1,1.000000
398,10,741.559326,336.118744,0,0,1,1,1.000000
399,10,727.855347,353.400269,0,0,1,1,1.000000
360,11,626.817322,138.057388,0,0,1,1,1.000000
361,11,652.160461,136.488235,0,0,1,1,1.000000
362,11,676.415405,134.886017,0,0,1,1,1.000000
363,11,698.799438,133.253113,0,0,1,1,1.000000
364,11,721.639648,130.845825,0,0,1,1,1.000000
365,11,746.643616,129.717514,0,0,1,1,1.000000
366,11,749.57428,107.020088,0,0,1,1,1.000000
367,11,750.413574,84.645882,0,0,1,1,1.000000
368,11,752.610779,57.222591,0,0,1,1,1.000000
369,11,753.156189,37.829887,0,0,1,1,1.000000
370,11,738.334534,41.934296,0,0,1,1,1.000000
371,11,736.671509,66.47522,0,0,1,1,1.000000
372,11,730.255005,89.518776,0,0,1,1,1.000000
373,11,725.477478,113.199791,0,0,1,1,1.000000
374,11,720.705078,137.500778,0,0,1,1,1.000000
375,11,717.198425,137.40799,0,0,1,1,1.000000
376,11,721.522217,114.538521,0,0,1,1,1.000000
377,11,728.342957,90.519455,0,0,1,1,1.000000
378,11,733.761475,65.666817,0,0,1,1,1.000000
379,11,732.940918,57.249607,0,0,1,1,1.000000
380,11,688.516663,65.561508,0,0,1,1,1.000000
381,11,709.148804,68.770889,0,0,1,1,1.000000
382,11,708.456177,90.752258,0,0,1,1,1.000000
383,11,702.3573,114.918892,0,0,1,1,1.000000
385,11,690.382751,162.534271,0,0,1,1,1.000000
386,11,686.305481,184.874832,0,0,1,1,1.000000
387,11,680.777588,208.807343,0,0,1,1,1.000000
388,11,674.841492,230.50029,0,0,1,1,1.000000
389,11,676.850098,200.435654,0,0,1,1,1.000000
390,11,653.140808,199.084183,0,0,1,1,1.000000
391,11,653.058899,296.34491,0,0,1,1,1.000000
392,11,630.412048,306.56189,0,0,1,1,1.000000
393,11,609.620544,316.592377,0,0,1,1,1.000000
394,11,588.246887,326.079193,0,0,1,1,1.000000
395,11,566.31366,336.031647,0,0,1,1,1.000000
396,11,544.899292,346.191498,0,0,1,1,1.000000
397,11,521.884033,357.278839,0,0,1,1,1.000000
398,11,502.565979,365.886993,0,0,1,1,1.000000
399,11,477.536133,377.246674,0,0,1,1,1.000000
360,12,417.262543,301.847168,0,0,1,1,1.000000
361,12,440.65863,300.966675,0,0,1,1,1.000000
362,12,465.5159,298.778839,0,0,1,1,1.000000
363,12,489.729095,297.244202,0,0,1,1,1.000000
364,12,513.749756,294.987152,0,0,1,1,1.000000
365,12,537.063599,293.119476,0,0,1,1,1.000000
366,12,560.620056,290.944885,0,0,1,1,1.000000
367,12,584.400146,289.251617,0,0,1,1,1.000000
368,12,608.554077,288.302185,0,0,1,1,1.000000
369,12,633.410156,285.893982,0,0,1,1,1.000000
370,12,656.405518,284.580994,0,0,1,1,1.000000
371,12,677.128235,292.879547,0,0,1,1,1.000000
372,12,697.460144,308.43277,0,0,1,1,1.000000
373,12,717.872864,320.927582,0,0,1,1,1.000000
374,12,737.328735,334.394562,0,0,1,1,1.000000
375,12,756.435486,348.183258,0,0,1,1,1.000000
376,12,775.109741,361.28717,0,0,1,1,1.000000
377,12,796.036987,374.888641,0,0,1,1,1.000000
378,12,805.202698,372.431335,0,0,1,1,1.000000
379,12,816.152222,356.537109,0,0,1,1,1.000000
381,12,849.083679,321.250793,0,0,1,1,1.000000
382,12,866.590576,305.72937,0,0,1,1,1.000000
383,12,884.793579,290.018524,0,0,1,1,1.000000
384,12,905.734131,285.314514,0,0,1,1,1.000000
385,12,928.631897,282.148254,0,0,1,1,1.000000
386,12,953.134338,280.278137,0,0,1,1,1.000000
387,12,976.989014,278.696716,0,0,1,1,1.000000
388,12,994.258911,274.59848,0,0,1,1,1.000000
399,12,994.762634,188.747208,0,0,1,1,1.000000
360,13,981.080566,181.577408,0,0,1,1,1.000000
367,13,986.211914,242.877853,0,0,1,1,1.000000
368,13,964.499084,248.439209,0,0,1,1,1.000000
369,13,940.568726,248.611221,0,0,1,1,1.000000
370,13,914.729431,249.725128,0,0,1,1,1.000000
371,13,893.877869,250.206085,0,0,1,1,1.000000
372,13,873.673706,268.941711,0,0,1,1,1.000000
373,13,896.533508,308.706055,0,0,1,1,1.000000
374,13,920.288147,302.196808,0,0,1,1,1.000000
375,13,941.200684,300.920135,0,0,1,1,1.000000
376,13,968.586487,298.347687,0,0,1,1,1.000000
377,13,989.687378,296.92984,0,0,1,1,1.000000
394,13,856.101257,432.559113,0,0,1,1,1.000000
395,13,855.905273,409.441956,0,0,1,1,1.000000
396,13,856.717346,385.58429,0,0,1,1,1.000000
397,13,849.940796,364.429169,0,0,1,1,1.000000
398,13,834.621338,345.757385,0,0,1,1,1.000000
399,13,820.036133,328.515503,0,0,1,1,1.000000
360,14,225.324692,480.452789,0,0,1,1,1.000000
361,14,228.214111,456.583466,0,0,1,1,1.000000
362,14,231.984924,433.297455,0,0,1,1,1.000000
363,14,233.957108,408.306183,0,0,1,1,1.000000
364,14,236.641434,385.050201,0,0,1,1,1.000000
365,14,239.089615,361.552368,0,0,1,1,1.000000
366,14,242.242081,337.257355,0,0,1,1,1.000000
367,14,244.684662,314.12384,0,0,1,1,1.000000
368,14,265.219391,308.489838,0,0,1,1,1.000000
369,14,289.138641,306.861328,0,0,1,1,1.000000
370,14,313.19809,304.950226,0,0,1,1,1.000000
371,14,337.854462,304.133057,0,0,1,1,1.000000
372,14,360.649048,300.988861,0,0,1,1,1.000000
373,14,385.260193,300.49234,0,0,1,1,1.000000
374,14,408.652924,297.660675,0,0,1,1,1.000000
375,14,430.888275,296.575287,0,0,1,1,1.000000
376,14,456.629089,294.11026,0,0,1,1,1.000000
377,14,481.097107,292.202301,0,0,1,1,1.000000
378,14,484.327789,253.833679,0,0,1,1,1.000000
379,14,528.498718,288.343964,0,0,1,1,1.000000
380,14,552.609192,287.042358,0,0,1,1,1.000000
381,14,576.59613,285.539764,0,0,1,1,1.000000
382,14,612.872253,272.629974,0,0,1,1,1.000000
383,14,591.269653,282.95578,0,0,1,1,1.000000
384,14,570.167053,292.788605,0,0,1,1,1.000000
385,14,548.194397,304.123749,0,0,1,1,1.000000
386,14,526.68866,312.917419,0,0,1,1,1.000000
387,14,505.187134,323.136963,0,0,1,1,1.000000
388,14,484.966919,334.090179,0,0,1,1,1.000000
389,14,458.669495,343.998566,0,0,1,1,1.000000
390,14,441.730591,353.532257,0,0,1,1,1.000000
391,14,417.348938,364.943542,0,0,1,1,1.000000
392,14,394.92337,374.38147,0,0,1,1,1.000000
393,14,373.973724,384.485779,0,0,1,1,1.000000
394,14,351.220154,394.750153,0,0,1,1,1.000000
395,14,386.497437,380.419678,0,0,1,1,1.000000
396,14,392.327972,349.767181,0,0,1,1,1.000000
397,14,416.320923,356.405548,0,0,1,1,1.000000
398,14,439.067566,362.796417,0,0,1,1,1.000000
399,14,458.328949,370.014404,0,0,1,1,1.000000
360,15,757.924805,308.679596,0,0,1,1,1.000000
361,15,777.904297,322.174744,0,0,1,1,1.000000
362,15,796.07251,337.728088,0,0,1,1,1.000000
376,15,793.338623,317.710632,0,0,1,1,1.000000
377,15,772.51532,331.021057,0,0,1,1,1.000000
378,15,752.337219,344.718292,0,0,1,1,1.000000
379,15,738.956421,360.197083,0,0,1,1,1.000000
380,15,734.849426,384.81723,0,0,1,1,1.000000
381,15,730.941162,408.214111,0,0,1,1,1.000000
382,15,727.070496,432.006897,0,0,1,1,1.000000
383,15,664.127991,462.927673,0,0,1,1,1.000000
384,15,638.722656,456.395081,0,0,1,1,1.000000
385,15,616.781982,449.394989,0,0,1,1,1.000000
386,15,593.700867,442.934631,0,0,1,1,1.000000
387,15,570.357544,434.819763,0,0,1,1,1.000000
388,15,548.743958,428.643799,0,0,1,1,1.000000
389,15,525.516113,420.915497,0,0,1,1,1.000000
390,15,501.752075,414.397156,0,0,1,1,1.000000
391,15,478.418701,408.098236,0,0,1,1,1.000000
392,15,453.874664,400.572723,0,0,1,1,1.000000
393,15,433.347748,395.012329,0,0,1,1,1.000000
394,15,409.393921,388.297516,0,0,1,1,1.000000
395,15,330.156616,405.213104,0,0,1,1,1.000000
396,15,308.403656,414.55188,0,0,1,1,1.000000
397,15,292.34024,432.489136,0,0,1,1,1.000000
398,15,280.72467,450.878174,0,0,1,1,1.000000
399,15,268.918732,473.023499,0,0,1,1,1.000000
360,16,418.885925,457.457703,0,0,1,1,1.000000
361,16,394.366516,453.450836,0,0,1,1,1.000000
362,16,372.62085,454.287384,0,0,1,1,1.000000
363,16,360.012756,474.30545,0,0,1,1,1.000000
364,16,346.562103,493.70462,0,0,1,1,1.000000
365,16,334.288483,514.086975,0,0,1,1,1.000000
366,16,321.918701,536.538635,0,0,1,1,1.000000
367,16,318.416077,557.02301,0,0,1,1,1.000000
368,16,316.939972,584.759277,0,0,1,1,1.000000
369,16,314.055145,613.1026,0,0,1,1,1.000000
370,16,322.31662,597.525208,0,0,1,1,1.000000
371,16,305.380829,584.825989,0,0,1,1,1.000000
372,16,298.40097,625.514832,0,0,1,1,1.000000
374,16,254.494675,617.661377,0,0,1,1,1.000000
375,16,277.888947,612.734192,0,0,1,1,1.000000
376,16,236.910248,628.823364,0,0,1,1,1.000000
384,16,236.229767,629.734375,0,0,1,1,1.000000
385,16,286.674774,634.468323,0,0,1,1,1.000000
386,16,362.538239,634.256592,0,0,1,1,1.000000
391,16,366.012329,617.56427,0,0,1,1,1.000000
392,16,384.792572,598.13678,0,0,1,1,1.000000
393,16,380.642914,581.443054,0,0,1,1,1.000000
394,16,382.665558,557.814026,0,0,1,1,1.000000
395,16,382.864227,533.801208,0,0,1,1,1.000000
396,16,434.651184,521.366028,0,0,1,1,1.000000
397,16,412.675323,525.016541,0,0,1,1,1.000000
398,16,386.920532,528.431091,0,0,1,1,1.000000
399,16,369.606995,530.392761,0,0,1,1,1.000000
360,17,861.472839,318.702728,0,0,1,1,1.000000
361,17,838.15387,330.207916,0,0,1,1,1.000000
362,17,820.085083,341.767761,0,0,1,1,1.000000
363,17,797.457703,360.331696,0,0,1,1,1.000000
364,17,794.989014,382.511841,0,0,1,1,1.000000
365,17,794.65332,408.714722,0,0,1,1,1.000000
366,17,796.687012,430.332611,0,0,1,1,1.000000
367,17,797.265991,457.342865,0,0,1,1,1.000000
368,17,776.684631,473.184235,0,0,1,1,1.000000
369,17,768.948914,489.578308,0,0,1,1,1.000000
370,17,745.746216,493.309692,0,0,1,1,1.000000
371,17,734.048096,524.884827,0,0,1,1,1.000000
373,17,662.772034,529.020386,0,0,1,1,1.000000
375,17,625.676636,509.837494,0,0,1,1,1.000000
376,17,601.116699,513.778503,0,0,1,1,1.000000
377,17,580.025024,517.237976,0,0,1,1,1.000000
378,17,553.738525,521.505859,0,0,1,1,1.000000
379,17,530.303467,524.301819,0,0,1,1,1.000000
380,17,505.771759,525.900513,0,0,1,1,1.000000
381,17,482.222015,530.390015,0,0,1,1,1.000000
382,17,458.313477,532.371094,0,0,1,1,1.000000
383,17,434.408966,536.04071,0,0,1,1,1.000000
384,17,413.021545,540.568726,0,0,1,1,1.000000
385,17,394.174774,502.385803,0,0,1,1,1.000000
386,17,364.712036,545.841125,0,0,1,1,1.000000
387,17,341.329468,549.1521,0,0,1,1,1.000000
388,17,317.644592,553.825439,0,0,1,1,1.000000
389,17,309.227203,533.210938,0,0,1,1,1.000000
390,17,304.703217,556.894348,0,0,1,1,1.000000
391,17,268.852539,584.437256,0,0,1,1,1.000000
392,17,236.53801,592.578674,0,0,1,1,1.000000
393,17,241.780502,569.537476,0,0,1,1,1.000000
395,17,156.352478,569.718201,0,0,1,1,1.000000
396,17,158.703842,549.133606,0,0,1,1,1.000000
397,17,162.142868,522.379639,0,0,1,1,1.000000
398,17,165.569809,500.153351,0,0,1,1,1.000000
399,17,177.142624,492.91983,0,0,1,1,1.000000
360,18,834.060425,556.73877,0,0,1,1,1.000000
361,18,850.764893,570.197327,0,0,1,1,1.000000
362,18,853.542358,593.520386,0,0,1,1,1.000000
363,18,853.98938,618.743652,0,0,1,1,1.000000
368,18,843.976562,629.872925,0,0,1,1,1.000000
369,18,842.989624,606.132019,0,0,1,1,1.000000
370,18,842.949219,582.493652,0,0,1,1,1.000000
371,18,885.884827,626.336243,0,0,1,1,1.000000
372,18,870.231262,605.885132,0,0,1,1,1.000000
373,18,854.240356,588.490967,0,0,1,1,1.000000
378,18,796.166016,582.621094,0,0,1,1,1.000000
379,18,796.451721,606.074219,0,0,1,1,1.000000
380,18,773.890381,616.38147,0,0,1,1,1.000000
381,18,790.838501,594.389221,0,0,1,1,1.000000
382,18,775.049011,574.689941,0,0,1,1,1.000000
383,18,761.021118,557.314514,0,0,1,1,1.000000
384,18,746.287354,537.562805,0,0,1,1,1.000000
385,18,730.177612,518.462708,0,0,1,1,1.000000
386,18,716.094788,501.77832,0,0,1,1,1.000000
387,18,692.936829,499.105103,0,0,1,1,1.000000
388,18,668.301025,497.461273,0,0,1,1,1.000000
389,18,601.865967,498.157715,0,0,1,1,1.000000
390,18,620.507935,474.804291,0,0,1,1,1.000000
391,18,595.090698,488.306091,0,0,1,1,1.000000
392,18,572.17627,485.308899,0,0,1,1,1.000000
393,18,548.612183,483.251862,0,0,1,1,1.000000
394,18,524.598999,480.895111,0,0,1,1,1.000000
395,18,501.41803,478.139771,0,0,1,1,1.000000
396,18,480.769287,474.124207,0,0,1,1,1.000000
397,18,453.312286,471.995026,0,0,1,1,1.000000
398,18,429.270233,469.205963,0,0,1,1,1.000000
399,18,409.307922,444.521667,0,0,1,1,1.000000
360,19,584.756714,420.74704,0,0,1,1,1.000000
361,19,565.211487,413.062286,0,0,1,1,1.000000
362,19,540.55072,406.227997,0,0,1,1,1.000000
363,19,502.092377,404.827881,0,0,1,1,1.000000
364,19,496.168152,392.719391,0,0,1,1,1.000000
365,19,472.724152,386.835815,0,0,1,1,1.000000
366,19,449.901459,380.21402,0,0,1,1,1.000000
367,19,426.012665,372.635956,0,0,1,1,1.000000
370,19,356.581024,352.101685,0,0,1,1,1.000000
371,19,336.654816,342.933777,0,0,1,1,1.000000
372,19,322.294922,326.56662,0,0,1,1,1.000000
373,19,305.826111,307.087097,0,0,1,1,1.000000
374,19,290.378937,290.809692,0,0,1,1,1.000000
375,19,273.984863,272.486786,0,0,1,1,1.000000
376,19,257.798584,254.638275,0,0,1,1,1.000000
377,19,241.950531,237.20668,0,0,1,1,1.000000
378,19,225.895706,218.968994,0,0,1,1,1.000000
379,19,210.471069,201.840225,0,0,1,1,1.000000
380,19,193.72319,184.323013,0,0,1,1,1.000000
381,19,177.338928,165.673477,0,0,1,1,1.000000
382,19,161.005005,146.910736,0,0,1,1,1.000000
383,19,148.468246,176.774872,0,0,1,1,1.000000
384,19,164.21077,194.493408,0,0,1,1,1.000000
385,19,181.843384,213.925018,0,0,1,1,1.000000
386,19,197.477676,230.498093,0,0,1,1,1.000000
387,19,201.141159,261.91864,0,0,1,1,1.000000
388,19,153.824799,220.859879,0,0,1,1,1.000000
389,19,160.397797,198.108551,0,0,1,1,1.000000
390,19,168.619125,177.335495,0,0,1,1,1.000000
391,19,128.706772,189.805115,0,0,1,1,1.000000
392,19,145.904572,206.146072,0,0,1,1,1.000000
393,19,160.249207,224.434631,0,0,1,1,1.000000
394,19,176.456116,241.835968,0,0,1,1,1.000000
395,19,193.039169,260.270844,0,0,1,1,1.000000
396,19,210.055099,277.86673,0,0,1,1,1.000000
397,19,182.464813,278.850708,0,0,1,1,1.000000
398,19,178.804001,257.034332,0,0,1,1,1.000000
399,19,167.92627,238.422806,0,0,1,1,1.000000
360,20,150.885468,160.841415,0,0,1,1,1.000000
361,20,133.115585,145.695572,0,0,1,1,1.000000
362,20,109.782112,144.839813,0,0,1,1,1.000000
363,20,84.909996,142.508316,0,0,1,1,1.000000
364,20,58.925816,141.108307,0,0,1,1,1.000000
365,20,34.87989,138.435837,0,0,1,1,1.000000
366,20,14.004549,138.433121,0,0,1,1,1.000000
385,20,9.947243,137.736176,0,0,1,1,1.000000
386,20,33.53883,137.433533,0,0,1,1,1.000000
387,20,53.950462,133.595428,0,0,1,1,1.000000
388,20,26.492134,128.766327,0,0,1,1,1.000000
389,20,5.204614,129.343063,0,0,1,1,1.000000
396,20,68.749855,129.143509,0,0,1,1,1.000000
397,20,45.50119,129.640671,0,0,1,1,1.000000
398,20,20.571793,125.607857,0,0,1,1,1.000000
399,20,1.531285,128.423492,0,0,1,1,1.000000
360,21,372.30896,489.044891,0,0,1,1,1.000000
361,21,366.921417,511.94986,0,0,1,1,1.000000
362,21,363.112335,536.000549,0,0,1,1,1.000000
363,21,358.397522,558.046509,0,0,1,1,1.000000
364,21,356.525787,582.483765,0,0,1,1,1.000000
365,21,349.361664,601.962402,0,0,1,1,1.000000
366,21,350.039368,626.234619,0,0,1,1,1.000000
368,21,353.525208,625.67511,0,0,1,1,1.000000
369,21,340.485565,613.460144,0,0,1,1,1.000000
370,21,309.710602,625.880981,0,0,1,1,1.000000
375,21,369.191071,625.212097,0,0,1,1,1.000000
376,21,373.550598,600.947327,0,0,1,1,1.000000
377,21,373.574036,580.756165,0,0,1,1,1.000000
378,21,374.784729,554.456787,0,0,1,1,1.000000
379,21,373.112061,602.332764,0,0,1,1,1.000000
380,21,396.646759,597.964783,0,0,1,1,1.000000
381,21,420.448486,597.111877,0,0,1,1,1.000000
382,21,445.292267,594.56311,0,0,1,1,1.000000
383,21,469.446381,590.555054,0,0,1,1,1.000000
384,21,492.326447,588.816162,0,0,1,1,1.000000
385,21,514.692017,589.966309,0,0,1,1,1.000000
386,21,540.44397,584.671753,0,0,1,1,1.000000
387,21,564.231018,582.846924,0,0,1,1,1.000000
388,21,589.068542,580.710327,0,0,1,1,1.000000
389,21,612.40155,577.327637,0,0,1,1,1.000000
390,21,636.436218,574.862732,0,0,1,1,1.000000
391,21,658.945984,573.314514,0,0,1,1,1.000000
392,21,682.503296,570.953918,0,0,1,1,1.000000
393,21,706.556458,568.379883,0,0,1,1,1.000000
394,21,720.874329,554.81134,0,0,1,1,1.000000
395,21,721.153625,528.552795,0,0,1,1,1.000000
396,21,738.482361,546.217773,0,0,1,1,1.000000
397,21,758.434998,561.274414,0,0,1,1,1.000000
398,21,777.243958,578.116882,0,0,1,1,1.000000
399,21,794.466003,593.157959,0,0,1,1,1.000000
360,22,274.174164,558.148376,0,0,1,1,1.000000
361,22,264.320953,572.407043,0,0,1,1,1.000000
362,22,268.429382,597.921997,0,0,1,1,1.000000
363,22,264.385315,621.524902,0,0,1,1,1.000000
377,22,245.336288,601.972046,0,0,1,1,1.000000
378,22,252.361328,578.443848,0,0,1,1,1.000000
379,22,262.893646,562.099304,0,0,1,1,1.000000
380,22,284.751923,550.045532,0,0,1,1,1.000000
381,22,305.795471,542.234741,0,0,1,1,1.000000
382,22,329.159424,534.016052,0,0,1,1,1.000000
383,22,297.711151,558.138855,0,0,1,1,1.000000
384,22,281.362976,546.890747,0,0,1,1,1.000000
385,22,259.179749,532.693237,0,0,1,1,1.000000
386,22,240.143295,521.529785,0,0,1,1,1.000000
387,22,220.819504,509.258179,0,0,1,1,1.000000
388,22,205.447891,494.591339,0,0,1,1,1.000000
389,22,202.764481,470.049225,0,0,1,1,1.000000
394,22,249.75061,546.751953,0,0,1,1,1.000000
395,22,257.157623,525.157471,0,0,1,1,1.000000
396,22,278.444824,514.204285,0,0,1,1,1.000000
397,22,300.54248,504.447144,0,0,1,1,1.000000
398,22,321.564545,493.683289,0,0,1,1,1.000000
399,22,342.932892,484.173676,0,0,1,1,1.000000
360,23,508.976807,402.434448,0,0,1,1,1.000000
361,23,530.035889,392.234314,0,0,1,1,1.000000
362,23,550.418701,381.103119,0,0,1,1,1.000000
363,23,576.566589,370.60614,0,0,1,1,1.000000
364,23,596.96875,361.370605,0,0,1,1,1.000000
365,23,617.835327,352.329651,0,0,1,1,1.000000
366,23,633.757385,333.342621,0,0,1,1,1.000000
367,23,642.733582,313.406219,0,0,1,1,1.000000
368,23,653.338562,290.359406,0,0,1,1,1.000000
369,23,664.612854,270.185211,0,0,1,1,1.000000
371,23,684.124817,226.828262,0,0,1,1,1.000000
372,23,694.885193,205.278137,0,0,1,1,1.000000
373,23,704.514343,184.469467,0,0,1,1,1.000000
374,23,709.796875,161.045013,0,0,1,1,1.000000
375,23,713.973267,161.170273,0,0,1,1,1.000000
376,23,707.102966,182.851318,0,0,1,1,1.000000
378,23,717.019653,210.831528,0,0,1,1,1.000000
379,23,742.283691,210.10202,0,0,1,1,1.000000
380,23,766.765747,208.070236,0,0,1,1,1.000000
381,23,788.799438,206.40271,0,0,1,1,1.000000
382,23,812.789978,205.167496,0,0,1,1,1.000000
383,23,837.416443,202.96907,0,0,1,1,1.000000
384,23,860.334717,202.687378,0,0,1,1,1.000000
385,23,884.728821,202.078079,0,0,1,1,1.000000
386,23,908.96759,205.268799,0,0,1,1,1.000000
387,23,933.617737,205.383484,0,0,1,1,1.000000
388,23,956.911621,208.421768,0,0,1,1,1.000000
389,23,977.705872,209.665039,0,0,1,1,1.000000
390,23,948.616394,205.977463,0,0,1,1,1.000000
391,23,925.571777,206.501404,0,0,1,1,1.000000
392,23,901.182861,205.486008,0,0,1,1,1.000000
393,23,877.36145,205.312286,0,0,1,1,1.000000
394,23,853.309326,204.34346,0,0,1,1,1.000000
395,23,829.234192,205.04213,0,0,1,1,1.000000
396,23,809.713684,205.236069,0,0,1,1,1.000000
397,23,781.348572,204.071365,0,0,1,1,1.000000
398,23,756.99408,201.620987,0,0,1,1,1.000000
360,24,406.051392,605.337708,0,0,1,1,1.000000
361,24,406.370483,582.084961,0,0,1,1,1.000000
362,24,408.971344,560.641968,0,0,1,1,1.000000
363,24,422.888824,546.123413,0,0,1,1,1.000000
364,24,448.187378,545.245422,0,0,1,1,1.000000
365,24,470.41449,542.480957,0,0,1,1,1.000000
366,24,494.786591,541.166199,0,0,1,1,1.000000
367,24,518.400635,539.088806,0,0,1,1,1.000000
368,24,544.265747,537.393005,0,0,1,1,1.000000
369,24,566.500244,536.064697,0,0,1,1,1.000000
370,24,591.002991,533.507629,0,0,1,1,1.000000
371,24,613.224365,532.247314,0,0,1,1,1.000000
372,24,638.497131,529.442383,0,0,1,1,1.000000
373,24,672.075562,501.737335,0,0,1,1,1.000000
374,24,648.47168,508.172424,0,0,1,1,1.000000
375,24,706.546265,533.695862,0,0,1,1,1.000000
376,24,728.460999,545.41571,0,0,1,1,1.000000
377,24,749.220154,556.818726,0,0,1,1,1.000000
378,24,776.523743,497.055145,0,0,1,1,1.000000
379,24,754.882263,489.28363,0,0,1,1,1.000000
380,24,731.065918,482.683868,0,0,1,1,1.000000
381,24,709.218567,476.315826,0,0,1,1,1.000000
382,24,686.551636,468.433533,0,0,1,1,1.000000
383,24,722.47113,455.999329,0,0,1,1,1.000000
384,24,718.360718,478.759857,0,0,1,1,1.000000
385,24,696.647156,485.596283,0,0,1,1,1.000000
386,24,672.854004,489.031403,0,0,1,1,1.000000
387,24,649.93457,492.352814,0,0,1,1,1.000000
388,24,625.950562,495.849091,0,0,1,1,1.000000
389,24,644.703613,494.04538,0,0,1,1,1.000000
391,24,642.089172,482.919556,0,0,1,1,1.000000
392,24,664.963196,489.313873,0,0,1,1,1.000000
393,24,684.67157,500.949493,0,0,1,1,1.000000
394,24,701.846008,512.60907,0,0,1,1,1.000000
396,24,736.53363,508.934753,0,0,1,1,1.000000
397,24,744.354614,485.651642,0,0,1,1,1.000000
398,24,752.445251,463.998779,0,0,1,1,1.000000
399,24,760.260925,440.5896,0,0,1,1,1.000000
360,25,416.062622,232.686478,0,0,1,1,1.000000
361,25,390.733948,231.949875,0,0,1,1,1.000000
362,25,368.389343,230.001144,0,0,1,1,1.000000
363,25,343.085693,229.483459,0,0,1,1,1.000000
364,25,320.251007,228.272446,0,0,1,1,1.000000
365,25,296.347534,226.655472,0,0,1,1,1.000000
366,25,272.54364,226.127548,0,0,1,1,1.000000
367,25,248.727493,224.306244,0,0,1,1,1.000000
368,25,242.90567,246.690964,0,0,1,1,1.000000
369,25,237.123718,271.000671,0,0,1,1,1.000000
370,25,231.932678,292.64035,0,0,1,1,1.000000
371,25,206.551849,305.720184,0,0,1,1,1.000000
373,25,214.775192,362.852783,0,0,1,1,1.000000
374,25,210.579651,388.814362,0,0,1,1,1.000000
375,25,204.415451,410.924957,0,0,1,1,1.000000
376,25,198.834366,433.954742,0,0,1,1,1.000000
377,25,194.502655,457.25705,0,0,1,1,1.000000
378,25,175.043716,480.413696,0,0,1,1,1.000000
379,25,192.502991,450.771027,0,0,1,1,1.000000
380,25,185.551514,428.355835,0,0,1,1,1.000000
381,25,185.847305,405.483948,0,0,1,1,1.000000
382,25,185.532867,378.400574,0,0,1,1,1.000000
383,25,189.449844,353.609924,0,0,1,1,1.000000
384,25,193.50856,333.991028,0,0,1,1,1.000000
385,25,176.898117,308.533386,0,0,1,1,1.000000
386,25,173.969269,286.120117,0,0,1,1,1.000000
387,25,170.580719,261.6651,0,0,1,1,1.000000
388,25,206.52034,244.36908,0,0,1,1,1.000000
390,25,262.220032,300.550262,0,0,1,1,1.000000
391,25,277.921265,316.200775,0,0,1,1,1.000000
392,25,301.531311,323.091827,0,0,1,1,1.000000
393,25,322.745056,329.456085,0,0,1,1,1.000000
394,25,345.833344,336.063202,0,0,1,1,1.000000
395,25,369.881744,342.834839,0,0,1,1,1.000000
396,25,366.178253,372.492218,0,0,1,1,1.000000
397,25,350.320709,354.583008,0,0,1,1,1.000000
398,25,334.307709,336.921661,0,0,1,1,1.000000
399,25,318.002014,320.150574,0,0,1,1,1.000000
360,26,143.318268,433.758545,0,0,1,1,1.000000
361,26,144.895981,409.14978,0,0,1,1,1.000000
362,26,180.924057,396.427521,0,0,1,1,1.000000
363,26,178.049423,370.012939,0,0,1,1,1.000000
364,26,173.986374,349.699188,0,0,1,1,1.000000
365,26,170.904922,320.441376,0,0,1,1,1.000000
366,26,173.503281,297.602509,0,0,1,1,1.000000
367,26,166.634598,273.661377,0,0,1,1,1.000000
368,26,189.685043,245.531143,0,0,1,1,1.000000
369,26,193.996292,228.763626,0,0,1,1,1.000000
370,26,204.808533,202.504486,0,0,1,1,1.000000
371,26,211.169052,180.903732,0,0,1,1,1.000000
372,26,220.474304,157.771683,0,0,1,1,1.000000
373,26,243.02829,157.096191,0,0,1,1,1.000000
374,26,266.91983,155.037109,0,0,1,1,1.000000
375,26,290.903809,154.672211,0,0,1,1,1.000000
376,26,316.556335,153.25856,0,0,1,1,1.000000
377,26,338.289093,149.905304,0,0,1,1,1.000000
378,26,342.084229,125.267632,0,0,1,1,1.000000
379,26,388.312927,147.069016,0,0,1,1,1.000000
380,26,412.30069,146.392609,0,0,1,1,1.000000
381,26,437.218628,143.965851,0,0,1,1,1.000000
382,26,458.983215,143.255219,0,0,1,1,1.000000
383,26,484.266266,141.478821,0,0,1,1,1.000000
384,26,506.412994,138.562958,0,0,1,1,1.000000
385,26,530.673889,137.356262,0,0,1,1,1.000000
386,26,554.01709,136.117126,0,0,1,1,1.000000
387,26,578.064453,134.527283,0,0,1,1,1.000000
389,26,628.461365,130.969055,0,0,1,1,1.000000
390,26,650.262573,129.90892,0,0,1,1,1.000000
391,26,674.02002,129.167923,0,0,1,1,1.000000
392,26,697.620178,125.894615,0,0,1,1,1.000000
393,26,720.884766,125.912285,0,0,1,1,1.000000
394,26,746.448792,122.452179,0,0,1,1,1.000000
395,26,770.054138,121.895424,0,0,1,1,1.000000
396,26,797.801758,76.516403,0,0,1,1,1.000000
397,26,804.581116,53.452118,0,0,1,1,1.000000
360,27,280.953857,171.022446,0,0,1,1,1.000000
361,27,305.037689,169.984711,0,0,1,1,1.000000
362,27,328.696838,168.005829,0,0,1,1,1.000000
363,27,354.473022,165.567673,0,0,1,1,1.000000
364,27,376.678833,164.16153,0,0,1,1,1.000000
365,27,400.276581,162.641357,0,0,1,1,1.000000
366,27,424.429718,161.34259,0,0,1,1,1.000000
367,27,448.010834,159.77066,0,0,1,1,1.000000
368,27,472.458801,157.946823,0,0,1,1,1.000000
369,27,496.830597,156.639954,0,0,1,1,1.000000
370,27,518.793091,154.701019,0,0,1,1,1.000000
371,27,542.834656,153.551682,0,0,1,1,1.000000
372,27,565.533936,152.006699,0,0,1,1,1.000000
373,27,592.678284,149.555634,0,0,1,1,1.000000
374,27,614.587524,148.008316,0,0,1,1,1.000000
375,27,640.238953,146.397949,0,0,1,1,1.000000
376,27,662.566528,144.778763,0,0,1,1,1.000000
377,27,688.227356,142.997223,0,0,1,1,1.000000
378,27,712.066956,141.482742,0,0,1,1,1.000000
379,27,736.380249,138.787384,0,0,1,1,1.000000
380,27,761.036072,136.989777,0,0,1,1,1.000000
381,27,785.234192,138.336975,0,0,1,1,1.000000
382,27,784.932007,114.253334,0,0,1,1,1.000000
383,27,788.147034,93.726479,0,0,1,1,1.000000
384,27,788.839661,66.309998,0,0,1,1,1.000000
385,27,788.519592,44.959141,0,0,1,1,1.000000
386,27,788.583862,20.760313,0,0,1,1,1.000000
392,27,753.93573,24.764124,0,0,1,1,1.000000
393,27,749.667664,48.689144,0,0,1,1,1.000000
394,27,764.779541,21.835024,0,0,1,1,1.000000
395,27,772.737793,41.799755,0,0,1,1,1.000000
396,27,752.982483,60.481712,0,0,1,1,1.000000
397,27,728.772217,61.992085,0,0,1,1,1.000000
399,27,681.036804,62.221878,0,0,1,1,1.000000
360,28,185.929031,444.118622,0,0,1,1,1.000000
361,28,194.535461,436.46936,0,0,1,1,1.000000
362,28,192.168106,452.509094,0,0,1,1,1.000000
363,28,185.527771,474.289642,0,0,1,1,1.000000
364,28,180.623581,497.635193,0,0,1,1,1.000000
365,28,174.854309,520.869995,0,0,1,1,1.000000
366,28,169.392197,544.921509,0,0,1,1,1.000000
367,28,165.803497,565.355408,0,0,1,1,1.000000
368,28,157.764389,593.796875,0,0,1,1,1.000000
369,28,153.604095,613.79303,0,0,1,1,1.000000
370,28,92.755928,638.463562,0,0,1,1,1.000000
371,28,89.989632,617.665466,0,0,1,1,1.000000
372,28,93.05574,593.162781,0,0,1,1,1.000000
373,28,90.049149,573.615601,0,0,1,1,1.000000
360,29,430.21875,383.96817,0,0,1,1,1.000000
361,29,454.27832,389.980957,0,0,1,1,1.000000
362,29,477.95166,397.343445,0,0,1,1,1.000000
364,29,521.63031,411.012024,0,0,1,1,1.000000
365,29,545.525696,416.837738,0,0,1,1,1.000000
366,29,569.303711,424.362152,0,0,1,1,1.000000
367,29,592.805359,432.487671,0,0,1,1,1.000000
368,29,617.109009,437.87326,0,0,1,1,1.000000
369,29,638.208557,445.334015,0,0,1,1,1.000000
370,29,656.882629,457.610016,0,0,1,1,1.000000
371,29,672.973206,472.851501,0,0,1,1,1.000000
372,29,690.730713,489.337952,0,0,1,1,1.000000
373,29,712.295898,505.571686,0,0,1,1,1.000000
374,29,730.089294,518.509888,0,0,1,1,1.000000
375,29,748.388855,535.004272,0,0,1,1,1.000000
376,29,765.697815,549.313599,0,0,1,1,1.000000
377,29,792.250793,513.57489,0,0,1,1,1.000000
378,29,771.056702,566.397095,0,0,1,1,1.000000
379,29,774.258179,589.221985,0,0,1,1,1.000000
380,29,805.161255,612.925476,0,0,1,1,1.000000
386,29,856.065002,624.799438,0,0,1,1,1.000000
387,29,856.217163,600.953735,0,0,1,1,1.000000
360,30,400.64386,424.024384,0,0,1,1,1.000000
361,30,412.694092,401.856781,0,0,1,1,1.000000
362,30,422.763763,381.325958,0,0,1,1,1.000000
363,30,434.316345,359.109833,0,0,1,1,1.000000
364,30,445.785583,340.579895,0,0,1,1,1.000000
365,30,457.228973,316.945068,0,0,1,1,1.000000
366,30,468.931122,297.516632,0,0,1,1,1.000000
367,30,484.055939,278.532898,0,0,1,1,1.000000
368,30,498.170013,258.842163,0,0,1,1,1.000000
369,30,512.131775,240.091202,0,0,1,1,1.000000
370,30,525.888123,222.261337,0,0,1,1,1.000000
371,30,549.393433,220.079254,0,0,1,1,1.000000
372,30,573.804565,219.004608,0,0,1,1,1.000000
373,30,598.378784,218.130554,0,0,1,1,1.000000
374,30,621.160522,216.094742,0,0,1,1,1.000000
375,30,646.393799,215.142319,0,0,1,1,1.000000
376,30,668.825317,213.916275,0,0,1,1,1.000000
377,30,696.963806,212.849838,0,0,1,1,1.000000
378,30,696.024719,229.990356,0,0,1,1,1.000000
379,30,678.283569,242.897141,0,0,1,1,1.000000
380,30,657.123047,253.262756,0,0,1,1,1.000000
381,30,636.219666,262.99469,0,0,1,1,1.000000
383,30,624.127441,281.576263,0,0,1,1,1.000000
384,30,646.074158,284.075165,0,0,1,1,1.000000
385,30,665.938232,297.376862,0,0,1,1,1.000000
386,30,685.019165,310.656128,0,0,1,1,1.000000
387,30,706.038025,324.766052,0,0,1,1,1.000000
388,30,725.527405,338.581451,0,0,1,1,1.000000
389,30,745.086792,352.03653,0,0,1,1,1.000000
390,30,764.944214,366.378784,0,0,1,1,1.000000
391,30,784.341797,378.418549,0,0,1,1,1.000000
392,30,789.542664,400.066956,0,0,1,1,1.000000
393,30,790.931396,423.92218,0,0,1,1,1.000000
394,30,790.691772,447.91098,0,0,1,1,1.000000
395,30,790.809814,470.609711,0,0,1,1,1.000000
396,30,792.186523,496.102783,0,0,1,1,1.000000
397,30,792.354492,520.690796,0,0,1,1,1.000000
398,30,793.033386,542.872253,0,0,1,1,1.000000
399,30,792.798218,568.432617,0,0,1,1,1.000000
360,31,248.00412,514.49054,0,0,1,1,1.000000
361,31,236.545853,537.285034,0,0,1,1,1.000000
362,31,224.069778,556.635925,0,0,1,1,1.000000
363,31,210.947098,581.352844,0,0,1,1,1.000000
364,31,197.449768,600.890869,0,0,1,1,1.000000
365,31,186.285843,621.829041,0,0,1,1,1.000000
372,31,160.202667,617.715454,0,0,1,1,1.000000
373,31,162.461975,596.829529,0,0,1,1,1.000000
374,31,166.074402,570.16217,0,0,1,1,1.000000
375,31,169.080017,545.489746,0,0,1,1,1.000000
376,31,170.533768,522.03595,0,0,1,1,1.000000
377,31,172.801819,505.259338,0,0,1,1,1.000000
378,31,177.822281,525.646362,0,0,1,1,1.000000
379,31,197.785416,541.482971,0,0,1,1,1.000000
381,31,236.828156,561.998779,0,0,1,1,1.000000
382,31,257.473022,574.177979,0,0,1,1,1.000000
383,31,274.82196,586.087769,0,0,1,1,1.000000
384,31,280.791565,610.059814,0,0,1,1,1.000000
385,31,234.421051,605.118774,0,0,1,1,1.000000
386,31,234.568512,578.288086,0,0,1,1,1.000000
387,31,240.520416,560.243469,0,0,1,1,1.000000
388,31,262.12088,561.307251,0,0,1,1,1.000000
389,31,292.979401,553.37439,0,0,1,1,1.000000
390,31,269.387695,560.612915,0,0,1,1,1.000000
391,31,297.69455,578.276001,0,0,1,1,1.000000
392,31,296.505249,605.889038,0,0,1,1,1.000000
393,31,297.04248,625.151001,0,0,1,1,1.000000
397,31,334.241028,634.858521,0,0,1,1,1.000000
398,31,337.734741,617.651184,0,0,1,1,1.000000
399,31,332.452026,593.871338,0,0,1,1,1.000000
360,32,386.562592,292.749786,0,0,1,1,1.000000
361,32,372.806396,311.985382,0,0,1,1,1.000000
362,32,358.498108,329.942719,0,0,1,1,1.000000
363,32,344.736542,349.57196,0,0,1,1,1.000000
364,32,330.480896,369.459778,0,0,1,1,1.000000
365,32,324.188263,389.949463,0,0,1,1,1.000000
366,32,320.15448,414.115021,0,0,1,1,1.000000
367,32,316.432281,438.053955,0,0,1,1,1.000000
368,32,312.236328,460.950195,0,0,1,1,1.000000
369,32,307.014313,485.048859,0,0,1,1,1.000000
370,32,302.735962,508.662628,0,0,1,1,1.000000
371,32,300.196472,533.189636,0,0,1,1,1.000000
372,32,293.362396,565.304138,0,0,1,1,1.000000
373,32,277.034088,582.569946,0,0,1,1,1.000000
374,32,248.820847,541.417419,0,0,1,1,1.000000
375,32,227.020996,526.463196,0,0,1,1,1.000000
376,32,207.065536,513.45929,0,0,1,1,1.000000
377,32,198.750565,505.813782,0,0,1,1,1.000000
378,32,225.014481,524.851074,0,0,1,1,1.000000
379,32,226.115189,549.734436,0,0,1,1,1.000000
380,32,226.11998,573.543396,0,0,1,1,1.000000
381,32,225.164047,598.184509,0,0,1,1,1.000000
382,32,227.024292,618.143188,0,0,1,1,1.000000
383,32,201.574707,597.733704,0,0,1,1,1.000000
384,32,197.647461,633.288025,0,0,1,1,1.000000
391,32,230.051895,617.305237,0,0,1,1,1.000000
392,32,268.55014,610.0578,0,0,1,1,1.000000
393,32,268.442902,633.218994,0,0,1,1,1.000000
360,33,761.028748,90.890648,0,0,1,1,1.000000
361,33,749.33374,104.565521,0,0,1,1,1.000000
362,33,725.183716,105.108597,0,0,1,1,1.000000
363,33,704.691833,105.942802,0,0,1,1,1.000000
364,33,677.402405,107.061935,0,0,1,1,1.000000
365,33,653.592529,108.84269,0,0,1,1,1.000000
366,33,629.605835,109.463867,0,0,1,1,1.000000
367,33,605.185059,110.856628,0,0,1,1,1.000000
368,33,582.639648,112.43544,0,0,1,1,1.000000
369,33,558.098267,113.813599,0,0,1,1,1.000000
370,33,534.633667,114.900917,0,0,1,1,1.000000
371,33,512.796509,114.781906,0,0,1,1,1.000000
372,33,488.175385,116.988693,0,0,1,1,1.000000
373,33,464.064606,118.126259,0,0,1,1,1.000000
374,33,438.572845,119.702148,0,0,1,1,1.000000
375,33,415.984955,120.882141,0,0,1,1,1.000000
376,33,390.215027,121.818283,0,0,1,1,1.000000
377,33,368.779938,124.699783,0,0,1,1,1.000000
378,33,361.707458,148.203674,0,0,1,1,1.000000
379,33,320.055603,126.613457,0,0,1,1,1.000000
380,33,295.944336,126.902641,0,0,1,1,1.000000
381,33,270.803864,127.958511,0,0,1,1,1.000000
382,33,248.385437,129.964523,0,0,1,1,1.000000
383,33,222.853699,130.57515,0,0,1,1,1.000000
384,33,202.053589,133.999466,0,0,1,1,1.000000
385,33,190.599594,154.018829,0,0,1,1,1.000000
386,33,180.493011,177.255356,0,0,1,1,1.000000
387,33,165.959778,197.087936,0,0,1,1,1.000000
389,33,93.600655,149.564285,0,0,1,1,1.000000
390,33,113.080292,170.414078,0,0,1,1,1.000000
391,33,97.954468,208.929916,0,0,1,1,1.000000
392,33,73.831444,194.113037,0,0,1,1,1.000000
393,33,56.733051,186.052795,0,0,1,1,1.000000
394,33,30.72537,176.758453,0,0,1,1,1.000000
395,33,10.269607,178.519196,0,0,1,1,1.000000
399,33,25.41127,198.118286,0,0,1,1,1.000000
360,34,473.96405,549.522461,0,0,1,1,1.000000
361,34,497.703735,549.126038,0,0,1,1,1.000000
362,34,520.930176,546.934143,0,0,1,1,1.000000
363,34,545.95697,545.220337,0,0,1,1,1.000000
364,34,569.106689,542.506042,0,0,1,1,1.000000
365,34,590.353699,538.704224,0,0,1,1,1.000000
366,34,616.76239,537.979675,0,0,1,1,1.000000
367,34,640.811279,534.610596,0,0,1,1,1.000000
368,34,662.867126,533.168335,0,0,1,1,1.000000
369,34,688.729736,528.632568,0,0,1,1,1.000000
370,34,709.606445,525.922852,0,0,1,1,1.000000
371,34,721.64801,496.934479,0,0,1,1,1.000000
372,34,744.79895,501.753662,0,0,1,1,1.000000
373,34,750.814453,480.78595,0,0,1,1,1.000000
374,34,758.580383,457.037689,0,0,1,1,1.000000
375,34,765.381836,434.902161,0,0,1,1,1.000000
376,34,774.171753,412.505768,0,0,1,1,1.000000
377,34,782.421997,390.073608,0,0,1,1,1.000000
378,34,810.493286,392.163635,0,0,1,1,1.000000
379,34,812.902039,413.481659,0,0,1,1,1.000000
380,34,812.437622,437.267365,0,0,1,1,1.000000
381,34,812.790955,461.956055,0,0,1,1,1.000000
382,34,813.055237,485.322144,0,0,1,1,1.000000
383,34,814.108459,509.481842,0,0,1,1,1.000000
384,34,814.299561,532.57959,0,0,1,1,1.000000
385,34,814.893921,556.385559,0,0,1,1,1.000000
386,34,814.529114,581.63446,0,0,1,1,1.000000
387,34,815.834412,605.748596,0,0,1,1,1.000000
388,34,856.322449,576.506897,0,0,1,1,1.000000
389,34,856.183472,553.365173,0,0,1,1,1.000000
390,34,856.186462,528.802124,0,0,1,1,1.000000
391,34,855.890015,504.943573,0,0,1,1,1.000000
392,34,856.306335,480.312408,0,0,1,1,1.000000
393,34,855.810852,457.167328,0,0,1,1,1.000000
360,35,777.880737,193.116455,0,0,1,1,1.000000
361,35,768.658936,185.558472,0,0,1,1,1.000000
362,35,742.423889,185.19191,0,0,1,1,1.000000
363,35,718.093567,184.43457,0,0,1,1,1.000000
364,35,694.305969,183.949738,0,0,1,1,1.000000
365,35,669.803833,182.893524,0,0,1,1,1.000000
366,35,646.383728,182.480026,0,0,1,1,1.000000
367,35,621.80658,182.058182,0,0,1,1,1.000000
368,35,596.982666,180.656799,0,0,1,1,1.000000
369,35,573.511963,180.166824,0,0,1,1,1.000000
370,35,549.788757,179.094208,0,0,1,1,1.000000
371,35,529.462769,186.136551,0,0,1,1,1.000000
372,35,509.721222,200.708923,0,0,1,1,1.000000
373,35,489.609009,213.098679,0,0,1,1,1.000000
374,35,469.229828,226.939331,0,0,1,1,1.000000
375,35,449.852539,241.013138,0,0,1,1,1.000000
376,35,434.970245,257.849121,0,0,1,1,1.000000
377,35,420.468323,277.166412,0,0,1,1,1.000000
378,35,405.968933,295.993256,0,0,1,1,1.000000
379,35,392.891388,316.221466,0,0,1,1,1.000000
381,35,348.698425,314.745789,0,0,1,1,1.000000
382,35,332.944977,297.758728,0,0,1,1,1.000000
383,35,317.177399,280.263641,0,0,1,1,1.000000
384,35,300.808838,260.777527,0,0,1,1,1.000000
385,35,284.844818,245.22728,0,0,1,1,1.000000
386,35,292.41394,250.19252,0,0,1,1,1.000000
387,35,268.464142,249.525223,0,0,1,1,1.000000
388,35,229.272797,265.146667,0,0,1,1,1.000000
389,35,246.158752,282.90271,0,0,1,1,1.000000
390,35,220.950272,280.054993,0,0,1,1,1.000000
391,35,216.251236,304.529877,0,0,1,1,1.000000
392,35,210.392929,326.801361,0,0,1,1,1.000000
393,35,205.513977,352.98468,0,0,1,1,1.000000
394,35,192.89122,349.981689,0,0,1,1,1.000000
395,35,136.457321,356.825409,0,0,1,1,1.000000
396,35,138.42865,378.351532,0,0,1,1,1.000000
397,35,142.022781,402.727112,0,0,1,1,1.000000
398,35,145.412628,426.197388,0,0,1,1,1.000000
399,35,148.062683,450.955566,0,0,1,1,1.000000
360,36,134.486298,193.267319,0,0,1,1,1.000000
361,36,125.793747,213.9021,0,0,1,1,1.000000
362,36,113.947105,230.297836,0,0,1,1,1.000000
363,36,52.850391,225.598785,0,0,1,1,1.000000
364,36,81.62516,233.071777,0,0,1,1,1.000000
365,36,98.324593,242.389587,0,0,1,1,1.000000
366,36,100.810638,269.725098,0,0,1,1,1.000000
368,36,104.704453,310.411713,0,0,1,1,1.000000
369,36,108.218216,336.473236,0,0,1,1,1.000000
370,36,113.2006,361.960388,0,0,1,1,1.000000
371,36,113.161942,384.699677,0,0,1,1,1.000000
372,36,118.322433,413.715912,0,0,1,1,1.000000
373,36,120.750191,433.948792,0,0,1,1,1.000000
374,36,122.167702,456.427856,0,0,1,1,1.000000
375,36,126.52182,477.201874,0,0,1,1,1.000000
376,36,141.716278,493.820557,0,0,1,1,1.000000
377,36,93.775108,476.849091,0,0,1,1,1.000000
378,36,96.556137,449.576385,0,0,1,1,1.000000
379,36,94.408722,429.317505,0,0,1,1,1.000000
381,36,86.315247,443.076599,0,0,1,1,1.000000
382,36,88.643967,466.704742,0,0,1,1,1.000000
383,36,89.139786,488.486908,0,0,1,1,1.000000
384,36,89.015167,512.82843,0,0,1,1,1.000000
385,36,81.97438,541.373596,0,0,1,1,1.000000
386,36,81.876694,565.652649,0,0,1,1,1.000000
389,36,85.528069,633.690918,0,0,1,1,1.000000
360,37,10.203723,182.025909,0,0,1,1,1.000000
361,37,10.014805,213.750717,0,0,1,1,1.000000
362,37,53.792423,173.503769,0,0,1,1,1.000000
363,37,78.075905,173.467987,0,0,1,1,1.000000
364,37,93.819801,181.900299,0,0,1,1,1.000000
365,37,109.627388,201.547485,0,0,1,1,1.000000
366,37,126.688934,221.149216,0,0,1,1,1.000000
367,37,141.60968,236.747116,0,0,1,1,1.000000
368,37,161.401154,254.200989,0,0,1,1,1.000000
369,37,174.917953,272.692322,0,0,1,1,1.000000
370,37,191.056381,288.823944,0,0,1,1,1.000000
371,37,226.846405,316.947113,0,0,1,1,1.000000
372,37,222.511185,324.74707,0,0,1,1,1.000000
373,37,240.800293,342.420807,0,0,1,1,1.000000
374,37,257.013763,360.408905,0,0,1,1,1.000000
375,37,272.084503,374.521179,0,0,1,1,1.000000
376,37,297.161133,382.461334,0,0,1,1,1.000000
377,37,318.906647,389.306213,0,0,1,1,1.000000
378,37,342.114532,394.345032,0,0,1,1,1.000000
379,37,364.89212,401.678589,0,0,1,1,1.000000
380,37,389.877991,408.655273,0,0,1,1,1.000000
381,37,409.915741,414.836456,0,0,1,1,1.000000
382,37,433.668335,421.692993,0,0,1,1,1.000000
383,37,457.399475,429.702728,0,0,1,1,1.000000
384,37,481.184845,434.513763,0,0,1,1,1.000000
385,37,502.690796,442.111572,0,0,1,1,1.000000
386,37,526.009644,449.222504,0,0,1,1,1.000000
387,37,549.289856,457.197327,0,0,1,1,1.000000
388,37,572.482605,462.428314,0,0,1,1,1.000000
389,37,596.976318,469.176147,0,0,1,1,1.000000
390,37,578.316711,501.10437,0,0,1,1,1.000000
391,37,554.584778,505.14035,0,0,1,1,1.000000
392,37,530.388733,508.22702,0,0,1,1,1.000000
393,37,508.751617,512.321655,0,0,1,1,1.000000
394,37,482.774384,514.428101,0,0,1,1,1.000000
395,37,517.959473,553.844971,0,0,1,1,1.000000
396,37,541.068726,552.933899,0,0,1,1,1.000000
397,37,568.172119,549.389404,0,0,1,1,1.000000
398,37,589.309692,548.336487,0,0,1,1,1.000000
399,37,613.901428,548.40564,0,0,1,1,1.000000
363,38,281.675781,589.856018,0,0,1,1,1.000000
364,38,284.90274,562.798645,0,0,1,1,1.000000
365,38,298.891998,545.704773,0,0,1,1,1.000000
367,38,345.250092,529.144775,0,0,1,1,1.000000
368,38,365.568268,518.588623,0,0,1,1,1.000000
369,38,385.572449,507.11441,0,0,1,1,1.000000
371,38,429.966644,486.002533,0,0,1,1,1.000000
372,38,453.102539,475.016632,0,0,1,1,1.000000
373,38,473.593658,466.885529,0,0,1,1,1.000000
374,38,494.174835,455.857086,0,0,1,1,1.000000
375,38,517.43573,446.50415,0,0,1,1,1.000000
376,38,537.889099,437.649506,0,0,1,1,1.000000
377,38,560.692078,425.874817,0,0,1,1,1.000000
378,38,581.338562,414.999268,0,0,1,1,1.000000
379,38,604.309326,405.611542,0,0,1,1,1.000000
380,38,625.916199,395.151398,0,0,1,1,1.000000
381,38,647.985107,385.387543,0,0,1,1,1.000000
382,38,669.988586,375.968292,0,0,1,1,1.000000
383,38,689.744019,364.411499,0,0,1,1,1.000000
384,38,698.897705,342.978699,0,0,1,1,1.000000
385,38,710.065613,321.778595,0,0,1,1,1.000000
386,38,720.606567,300.871948,0,0,1,1,1.000000
387,38,728.644836,278.424133,0,0,1,1,1.000000
388,38,741.804993,256.137909,0,0,1,1,1.000000
389,38,750.61853,233.605682,0,0,1,1,1.000000
390,38,762.716675,213.479126,0,0,1,1,1.000000
391,38,766.320007,190.020126,0,0,1,1,1.000000
392,38,773.719299,169.61731,0,0,1,1,1.000000
393,38,781.413574,144.815521,0,0,1,1,1.000000
394,38,785.339966,121.055336,0,0,1,1,1.000000
395,38,793.658081,98.306725,0,0,1,1,1.000000
396,38,805.401855,120.738411,0,0,1,1,1.000000
397,38,812.623535,109.949249,0,0,1,1,1.000000
398,38,812.598083,85.812492,0,0,1,1,1.000000
399,38,813.705322,61.874058,0,0,1,1,1.000000
362,39,789.921204,150.348755,0,0,1,1,1.000000
363,39,796.990662,125.190804,0,0,1,1,1.000000
364,39,801.655396,101.623337,0,0,1,1,1.000000
365,39,810.076782,80.867752,0,0,1,1,1.000000
366,39,813.188721,57.00449,0,0,1,1,1.000000
367,39,817.687439,33.269875,0,0,1,1,1.000000
368,39,814.320801,10.410234,0,0,1,1,1.000000
369,39,746.0625,18.240805,0,0,1,1,1.000000
370,39,753.595703,13.238922,0,0,1,1,1.000000
375,39,754.101379,12.987603,0,0,1,1,1.000000
376,39,756.941162,36.78397,0,0,1,1,1.000000
377,39,753.858826,61.508305,0,0,1,1,1.000000
379,39,725.575134,17.827969,0,0,1,1,1.000000
380,39,745.64624,21.704285,0,0,1,1,1.000000
381,39,664.787354,65.808792,0,0,1,1,1.000000
382,39,640.630005,69.045715,0,0,1,1,1.000000
383,39,616.534363,69.206734,0,0,1,1,1.000000
384,39,592.653992,70.61805,0,0,1,1,1.000000
385,39,568.462097,72.364914,0,0,1,1,1.000000
386,39,544.105652,72.886948,0,0,1,1,1.000000
387,39,518.738586,74.787544,0,0,1,1,1.000000
388,39,496.849182,74.903801,0,0,1,1,1.000000
389,39,472.352478,77.167267,0,0,1,1,1.000000
390,39,448.587219,78.093216,0,0,1,1,1.000000
391,39,425.003479,78.755692,0,0,1,1,1.000000
392,39,400.335876,80.847359,0,0,1,1,1.000000
393,39,378.201416,82.119072,0,0,1,1,1.000000
394,39,352.729218,84.364342,0,0,1,1,1.000000
395,39,328.679199,82.685196,0,0,1,1,1.000000
396,39,305.841583,85.533234,0,0,1,1,1.000000
397,39,280.358215,86.609795,0,0,1,1,1.000000
398,39,256.71817,86.380524,0,0,1,1,1.000000
399,39,232.394302,88.237755,0,0,1,1,1.000000
364,40,93.784508,274.147522,0,0,1,1,1.000000
365,40,78.100792,294.656891,0,0,1,1,1.000000
366,40,73.079269,314.271698,0,0,1,1,1.000000
367,40,74.341728,338.20575,0,0,1,1,1.000000
368,40,73.430305,360.41095,0,0,1,1,1.000000
369,40,76.895752,381.413025,0,0,1,1,1.000000
370,40,74.056641,410.940582,0,0,1,1,1.000000
371,40,69.726204,436.438385,0,0,1,1,1.000000
372,40,68.824188,462.2034,0,0,1,1,1.000000
373,40,73.588142,485.206146,0,0,1,1,1.000000
374,40,93.459557,544.741943,0,0,1,1,1.000000
375,40,92.50293,522.139771,0,0,1,1,1.000000
376,40,94.383423,497.711456,0,0,1,1,1.000000
377,40,73.240379,581.035156,0,0,1,1,1.000000
378,40,69.747566,608.610596,0,0,1,1,1.000000
379,40,73.442848,617.84082,0,0,1,1,1.000000
369,41,797.848694,504.040619,0,0,1,1,1.000000
370,41,798.21051,528.505981,0,0,1,1,1.000000
371,41,760.008423,592.675842,0,0,1,1,1.000000
372,41,760.084717,616.575928,0,0,1,1,1.000000
374,41,800.656738,624.817871,0,0,1,1,1.000000
380,41,796.656921,632.706055,0,0,1,1,1.000000
388,41,815.845886,629.587402,0,0,1,1,1.000000
397,41,850.009888,638.203064,0,0,1,1,1.000000
398,41,836.05719,621.141479,0,0,1,1,1.000000
399,41,820.247559,600.846863,0,0,1,1,1.000000
369,42,776.029846,614.133179,0,0,1,1,1.000000
370,42,761.168335,594.776978,0,0,1,1,1.000000
371,42,746.723572,577.181763,0,0,1,1,1.000000
372,42,732.076355,556.856506,0,0,1,1,1.000000
373,42,714.25824,538.205383,0,0,1,1,1.000000
374,42,701.219177,518.021667,0,0,1,1,1.000000
375,42,681.536316,512.356201,0,0,1,1,1.000000
376,42,658.386108,510.307678,0,0,1,1,1.000000
377,42,634.043457,506.91449,0,0,1,1,1.000000
378,42,610.463989,504.136932,0,0,1,1,1.000000
379,42,584.975342,500.793335,0,0,1,1,1.000000
380,42,561.313293,498.120697,0,0,1,1,1.000000
381,42,537.543152,495.05307,0,0,1,1,1.000000
382,42,514.260193,493.131287,0,0,1,1,1.000000
383,42,489.949371,490.3479,0,0,1,1,1.000000
384,42,466.198303,486.875793,0,0,1,1,1.000000
385,42,442.53241,485.074188,0,0,1,1,1.000000
386,42,417.31076,481.607025,0,0,1,1,1.000000
387,42,437.692719,481.52533,0,0,1,1,1.000000
388,42,373.93338,480.934845,0,0,1,1,1.000000
389,42,361.183533,502.429596,0,0,1,1,1.000000
390,42,346.122467,521.309692,0,0,1,1,1.000000
391,42,334.624695,545.3479,0,0,1,1,1.000000
392,42,358.673523,546.795776,0,0,1,1,1.000000
393,42,382.401306,545.619202,0,0,1,1,1.000000
394,42,405.908447,542.126892,0,0,1,1,1.000000
395,42,430.452393,541.640686,0,0,1,1,1.000000
396,42,385.382812,509.986877,0,0,1,1,1.000000
397,42,386.957916,485.416962,0,0,1,1,1.000000
398,42,396.948151,464.308899,0,0,1,1,1.000000
399,42,405.121979,466.610626,0,0,1,1,1.000000
372,43,842.590454,536.519897,0,0,1,1,1.000000
373,43,842.606506,510.149109,0,0,1,1,1.000000
374,43,842.699036,486.770172,0,0,1,1,1.000000
375,43,842.714172,461.908081,0,0,1,1,1.000000
376,43,843.981201,438.616272,0,0,1,1,1.000000
377,43,842.189575,414.732117,0,0,1,1,1.000000
378,43,842.670288,390.464966,0,0,1,1,1.000000
379,43,838.723755,368.296387,0,0,1,1,1.000000
380,43,821.993652,345.971222,0,0,1,1,1.000000
381,43,808.188904,333.981628,0,0,1,1,1.000000
382,43,790.508911,312.925385,0,0,1,1,1.000000
383,43,777.005371,296.649536,0,0,1,1,1.000000
384,43,760.776672,278.465088,0,0,1,1,1.000000
385,43,744.83313,259.221039,0,0,1,1,1.000000
386,43,729.280212,241.528473,0,0,1,1,1.000000
387,43,713.864502,222.811325,0,0,1,1,1.000000
388,43,698.777893,205.444046,0,0,1,1,1.000000
389,43,668.991577,254.870956,0,0,1,1,1.000000
390,43,662.910583,278.249451,0,0,1,1,1.000000
391,43,629.231873,197.684814,0,0,1,1,1.000000
392,43,604.397644,196.772629,0,0,1,1,1.000000
393,43,581.505615,194.606873,0,0,1,1,1.000000
394,43,557.59552,194.112625,0,0,1,1,1.000000
395,43,533.038513,192.819366,0,0,1,1,1.000000
396,43,508.951935,192.095032,0,0,1,1,1.000000
397,43,485.420502,190.735794,0,0,1,1,1.000000
398,43,461.388519,189.33017,0,0,1,1,1.000000
399,43,437.23877,188.432816,0,0,1,1,1.000000
373,44,961.763306,144.676498,0,0,1,1,1.000000
374,44,937.854736,140.752686,0,0,1,1,1.000000
375,44,913.134155,141.962555,0,0,1,1,1.000000
376,44,889.784546,141.68367,0,0,1,1,1.000000
377,44,865.295593,138.938217,0,0,1,1,1.000000
378,44,842.380981,140.411636,0,0,1,1,1.000000
379,44,821.039795,140.446075,0,0,1,1,1.000000
380,44,796.829407,137.630112,0,0,1,1,1.000000
382,44,746.618103,137.373291,0,0,1,1,1.000000
383,44,720.941284,135.92157,0,0,1,1,1.000000
384,44,698.496399,137.198273,0,0,1,1,1.000000
385,44,676.356995,134.080643,0,0,1,1,1.000000
386,44,652.772339,133.542679,0,0,1,1,1.000000
387,44,625.218567,134.278351,0,0,1,1,1.000000
388,44,602.238708,132.833023,0,0,1,1,1.000000
389,44,585.221008,146.212753,0,0,1,1,1.000000
390,44,566.30719,160.383423,0,0,1,1,1.000000
391,44,545.883728,173.667908,0,0,1,1,1.000000
392,44,525.856079,188.291092,0,0,1,1,1.000000
393,44,508.170013,200.478317,0,0,1,1,1.000000
394,44,492.430267,218.076385,0,0,1,1,1.000000
395,44,478.246246,239.161606,0,0,1,1,1.000000
396,44,465.263153,257.323242,0,0,1,1,1.000000
397,44,449.974701,277.479767,0,0,1,1,1.000000
398,44,436.563507,297.181732,0,0,1,1,1.000000
399,44,421.16983,314.900421,0,0,1,1,1.000000
380,45,377.950043,505.521942,0,0,1,1,1.000000
381,45,378.903687,484.15213,0,0,1,1,1.000000
382,45,390.633392,463.883636,0,0,1,1,1.000000
383,45,401.155975,442.40921,0,0,1,1,1.000000
384,45,413.313293,420.270477,0,0,1,1,1.000000
385,45,424.974579,398.488373,0,0,1,1,1.000000
386,45,436.492371,377.65329,0,0,1,1,1.000000
387,45,446.796448,356.51181,0,0,1,1,1.000000
388,45,460.225494,336.473572,0,0,1,1,1.000000
389,45,472.52182,316.579498,0,0,1,1,1.000000
390,45,485.944794,297.397369,0,0,1,1,1.000000
391,45,501.184845,278.356415,0,0,1,1,1.000000
392,45,516.496887,258.929199,0,0,1,1,1.000000
393,45,534.070862,250.088196,0,0,1,1,1.000000
394,45,557.924438,249.087738,0,0,1,1,1.000000
395,45,582.612854,248.278168,0,0,1,1,1.000000
396,45,606.415649,247.021301,0,0,1,1,1.000000
397,45,632.030884,245.688904,0,0,1,1,1.000000
398,45,654.096802,243.20549,0,0,1,1,1.000000
399,45,678.661987,242.33757,0,0,1,1,1.000000
387,46,394.765442,480.217438,0,0,1,1,1.000000
388,46,460.152039,472.60202,0,0,1,1,1.000000
389,46,480.552826,460.976898,0,0,1,1,1.000000
390,46,502.15741,452.08313,0,0,1,1,1.000000
391,46,524.22168,440.88327,0,0,1,1,1.000000
392,46,546.80603,429.841339,0,0,1,1,1.000000
393,46,566.426147,421.725433,0,0,1,1,1.000000
394,46,589.161682,410.89444,0,0,1,1,1.000000
395,46,612.193298,400.94989,0,0,1,1,1.000000
396,46,632.739685,390.919373,0,0,1,1,1.000000
397,46,653.726318,379.123596,0,0,1,1,1.000000
398,46,664.607544,358.784637,0,0,1,1,1.000000
399,46,674.116699,334.825745,0,0,1,1,1.000000
387,47,214.121109,246.403976,0,0,1,1,1.000000
388,47,237.147018,190.193054,0,0,1,1,1.000000
389,47,221.34848,173.557175,0,0,1,1,1.000000
390,47,206.234573,156.62471,0,0,1,1,1.000000
391,47,188.146118,138.598282,0,0,1,1,1.000000
392,47,164.944351,137.314468,0,0,1,1,1.000000
393,47,141.15062,134.149628,0,0,1,1,1.000000
394,47,114.992851,132.800415,0,0,1,1,1.000000
395,47,94.152824,132.666275,0,0,1,1,1.000000
387,48,50.063423,224.880478,0,0,1,1,1.000000
389,48,142.157974,237.447662,0,0,1,1,1.000000
391,48,126.10466,258.197632,0,0,1,1,1.000000
392,48,129.227066,284.604858,0,0,1,1,1.000000
393,48,130.911453,306.07724,0,0,1,1,1.000000
394,48,134.064194,329.692932,0,0,1,1,1.000000
395,48,186.876999,327.826691,0,0,1,1,1.000000
396,48,185.07402,304.036804,0,0,1,1,1.000000
397,48,226.921051,294.77475,0,0,1,1,1.000000
398,48,242.21138,313.24411,0,0,1,1,1.000000
399,48,257.566315,330.403931,0,0,1,1,1.000000
392,49,212.037811,166.142715,0,0,1,1,1.000000
393,49,235.191391,165.300415,0,0,1,1,1.000000
394,49,258.988922,164.327835,0,0,1,1,1.000000
395,49,284.00528,160.406891,0,0,1,1,1.000000
396,49,305.959595,160.933029,0,0,1,1,1.000000
397,49,330.663422,158.161469,0,0,1,1,1.000000
398,49,354.712952,157.179062,0,0,1,1,1.000000
399,49,378.446716,153.983078,0,0,1,1,1.000000
393,50,321.132416,586.318909,0,0,1,1,1.000000
394,50,317.313721,608.985779,0,0,1,1,1.000000
395,50,314.260864,630.000183,0,0,1,1,1.000000
398,50,401.667236,621.087036,0,0,1,1,1.000000
399,50,402.361084,597.098694,0,0,1,1,1.000000
395,51,742.232788,93.643379,0,0,1,1,1.000000
396,51,740.185852,117.812302,0,0,1,1,1.000000
397,51,733.334412,141.211487,0,0,1,1,1.000000
398,51,726.214966,164.296692,0,0,1,1,1.000000
399,51,733.713928,202.000229,0,0,1,1,1.000000
