360,796.012695,185.792084,38
360,129.214615,181.281677,37
360,774.089233,193.186661,36
360,12.266088,177.713593,35
360,625.276367,137.803986,34
360,385.580475,292.266785,33
360,356.323639,105.742424,32
360,587.892883,421.079041,31
360,764.375,96.585846,30
360,421.53772,460.040894,29
360,204.003143,405.033661,28
360,373.341156,488.131744,27
360,152.351913,161.967957,26
360,835.76886,557.169067,25
360,476.461578,552.566101,24
360,508.279358,403.953125,23
360,825.269287,440.165985,22
360,185.040771,444.301392,21
360,281.047607,173.056824,20
360,276.024872,558.052673,19
360,224.436615,481.460602,18
360,592.534485,273.606567,17
360,557.446411,240.409103,16
360,861.132751,320.26358,15
360,640.07074,448.91449,14
360,757.006958,308.453491,13
360,404.713257,605.36499,12
360,420.632843,304.318787,11
360,432.422272,385.259766,10
360,557.21582,509.51059,9
360,144.789322,436.417938,8
360,124.960281,349.278931,7
360,401.270416,424.165436,6
360,248.669525,516.345215,5
360,704.463135,520.210144,4
360,416.787567,232.977554,3
360,976.556152,184.630386,2
360,808.322144,493.441589,1
361,793.117249,174.27269,38
361,121.061729,213.408875,37
361,762.019043,184.629196,36
361,33.156673,176.837616,35
361,649.782654,136.338882,34
361,373.186859,313.118073,33
361,332.137512,106.028366,32
361,568.21936,413.507355,31
361,752.582825,105.566612,30
361,396.022217,454.191071,29
361,180.385391,418.674377,28
361,368.30838,512.852844,27
361,136.385605,148.421951,26
361,852.593079,569.688049,25
361,408.659973,584.164246,24
361,529.62854,393.345703,23
361,809.190308,424.115112,22
361,200.363312,432.441345,21
361,305.430786,172.245575,20
361,264.841125,573.318542,19
361,228.864151,456.650818,18
361,572.062744,284.276031,17
361,581.046387,240.102783,16
361,841.405518,332.067047,15
361,581.339661,508.148529,14
361,8.318445,209.143402,13
361,444.26825,299.816925,11
361,456.380035,389.601318,10
361,500.09729,548.453369,9
361,145.023956,412.4245,8
361,128.352661,372.503235,7
361,411.915222,402.370605,6
361,236.555344,537.068176,5
361,712.198059,496.53653,4
361,393.376678,232.07782,3
361,792.39325,476.908173,1
362,793.220947,336.456818,41
362,588.006592,458.290741,39
362,792.363525,152.170181,38
362,108.955544,228.770035,37
362,744.378845,185.624008,36
362,52.525879,176.376755,35
362,676.921387,136.24704,34
362,360.807007,332.232056,33
362,308.587372,108.17202,32
362,537.367554,411.876495,31
362,728.644836,104.309418,30
362,376.598022,456.053619,29
362,189.266174,452.617004,28
362,364.486481,536.352539,27
362,109.04071,144.515533,26
362,855.845154,593.354492,25
362,604.781555,508.056335,24
362,552.248291,380.354431,23
362,793.20282,404.148651,22
362,184.740189,396.171722,21
362,329.208435,169.521439,20
362,268.743469,601.379272,19
362,232.193375,433.20224,18
362,549.615112,293.749664,17
362,605.027893,240.139145,16
362,824.781982,341.29425,15
362,521.385803,548.377625,14
362,465.314117,298.181519,11
362,480.717896,400.251465,10
362,409.39801,560.586365,9
362,148.282059,385.966095,8
362,129.079529,400.624481,7
362,425.447144,381.874146,6
362,224.235199,557.056519,5
362,720.123352,472.524475,4
362,368.940369,232.086136,3
362,772.267395,468.145355,1
363,809.624573,368.824463,41
363,563.9505,460.440002,39
363,793.318542,124.374985,38
363,104.436104,252.546967,37
363,720.573242,184.311874,36
363,76.73008,176.517578,35
363,704.514709,136.747406,34
363,345.632782,352.110809,33
363,280.893219,108.32769,32
363,524.396973,401.365051,31
363,704.793762,106.595451,30
363,360.896515,476.610809,29
363,185.034332,476.951233,28
363,360.845428,560.611633,27
363,81.040543,141.033493,26
363,856.075806,620.559143,25
363,632.185913,501.576355,24
363,576.630188,372.233551,23
363,777.060364,388.475037,22
363,180.255325,368.020721,21
363,353.431885,165.775513,20
363,265.09494,624.44342,19
363,233.103592,408.875671,18
363,529.057007,305.171478,17
363,632.178467,237.31282,16
363,790.987305,357.736847,15
363,545.309509,545.51001,14
363,48.879303,220.86879,13
363,424.138641,545.332397,12
363,488.61969,297.033539,11
363,502.16098,405.459229,10
363,280.737701,589.303223,9
363,153.21077,364.561432,8
363,133.090851,421.46637,7
363,436.744507,360.292847,6
363,209.4366,584.13147,5
363,724.62323,448.142212,4
363,344.811401,229.465546,3
363,752.270752,464.706573,1
364,797.903564,396.747803,41
364,540.240051,465.860901,39
364,801.188904,104.239082,38
364,89.20327,272.658875,37
364,696.341248,184.338013,36
364,93.191917,184.194977,35
364,724.43103,132.037277,34
364,332.105286,370.027222,33
364,256.944183,109.432701,32
364,493.137573,393.78302,31
364,676.686768,108.628227,30
364,348.297363,494.363831,29
364,179.863525,500.118286,28
364,353.402863,581.691589,27
364,57.514832,140.139786,26
364,653.338989,501.027191,24
364,600.001465,361.596039,23
364,761.329407,366.036224,22
364,180.368759,352.540039,21
364,376.709625,165.216599,20
364,259.925934,639.095459,19
364,236.824463,385.599609,18
364,504.862305,320.19046,17
364,652.695618,236.348923,16
364,797.599976,375.457214,15
364,569.646606,544.107971,14
364,88.183327,236.854584,13
364,448.489563,545.055969,12
364,512.799805,293.438965,11
364,524.252563,413.117737,10
364,285.063873,564.069458,9
364,157.235733,338.616272,8
364,137.036087,448.155579,7
364,448.53418,340.725739,6
364,193.459717,605.389648,5
364,732.46283,425.273346,4
364,320.818359,229.173141,3
364,724.652283,456.372437,1
365,796.582031,413.287323,41
365,516.770142,468.2099,39
365,808.60907,80.707863,38
365,80.238914,297.630768,37
365,672.880005,184.102142,36
365,112.034241,201.18428,35
365,748.040527,129.933701,34
365,324.81781,393.471252,33
365,236.324524,113.111107,32
365,473.193787,388.249695,31
365,652.858337,108.629387,30
365,336.349457,513.629333,29
365,172.98877,521.36676,28
365,352.896271,609.127014,27
365,36.44907,140.721451,26
365,677.050598,500.961761,24
365,620.393616,352.716888,23
365,748.539978,349.127991,22
365,184.465744,329.695709,21
365,400.875946,164.279861,20
365,240.17247,362.059082,18
365,488.944,324.302734,17
365,676.881958,233.437088,16
365,592.673767,540.226562,14
365,96.854263,245.110046,13
365,472.809326,544.232178,12
365,537.116577,293.149597,11
365,548.021851,418.287659,10
365,300.222382,545.541016,9
365,167.272293,317.59082,8
365,137.326859,468.014557,7
365,457.220062,317.232208,6
365,185.576355,624.473816,5
365,745.0578,408.671143,4
365,296.956482,228.243347,3
365,701.198303,445.08844,1
366,803.227722,436.972626,41
366,493.130341,468.71051,39
366,812.682922,56.767403,38
366,69.583611,316.042297,37
366,648.2052,182.000107,36
366,128.427826,225.095901,35
366,752.049866,108.490166,34
366,320.804688,416.416321,33
366,216.433197,120.257507,32
366,449.060608,381.016998,31
366,628.913391,108.695839,30
366,324.949829,536.978943,29
366,168.57872,548.588806,28
366,353.042786,629.167786,27
366,16.678011,140.869446,26
366,697.035278,512.151794,24
366,633.215088,332.839508,23
366,732.224976,331.974152,22
366,170.480743,308.504028,21
366,424.724823,162.09642,20
366,244.056046,337.753632,18
366,457.239075,335.929626,17
366,701.000244,233.13092,16
366,781.485779,425.97583,15
366,616.766296,540.523865,14
366,100.757942,273.048859,13
366,496.519958,541.658936,12
366,561.016663,292.539948,11
366,569.01709,425.323456,10
366,180.079819,290.814362,8
366,144.565216,489.936523,7
366,469.145935,296.46051,6
366,764.677368,392.479706,4
366,272.242615,225.983429,3
366,680.515869,440.369049,1
367,799.761047,460.3461,41
367,472.120544,472.898529,39
367,813.095398,32.384411,38
367,76.883728,341.357391,37
367,624.176697,181.124252,36
367,140.746613,238.072296,35
367,752.638428,84.278091,34
367,316.660583,440.337402,33
367,201.290756,140.116318,32
367,428.524719,376.450073,31
367,605.220947,111.961594,30
367,320.482758,560.175049,29
367,164.795746,568.486084,28
367,104.828178,292.561066,26
367,720.069702,521.636658,24
367,644.610413,312.834442,23
367,716.825012,312.639954,22
367,162.959229,280.647308,21
367,448.492798,160.645752,20
367,247.95546,313.355927,18
367,440.218658,344.513123,17
367,724.979004,232.56044,16
367,776.988281,449.076843,15
367,640.679504,536.687317,14
367,45.381447,305.108063,13
367,517.133972,540.257324,12
367,584.802673,290.187408,11
367,592.770752,432.224121,10
367,344.716522,528.836914,9
367,183.796432,272.829254,8
367,164.224426,507.930542,7
367,484.954651,280.153687,6
367,780.881042,377.131897,4
367,252.09964,225.055649,3
367,656.516785,432.316467,1
368,961.15918,248.248322,42
368,800.887634,484.329956,41
368,445.15036,476.614227,39
368,812.189758,12.294893,38
368,77.339828,364.291656,37
368,597.129578,181.85672,36
368,753.326904,56.73267,34
368,312.323395,461.930725,33
368,189.028183,161.833145,32
368,405.028076,372.233246,31
368,584.417053,112.374283,30
368,316.107758,581.723083,29
368,153.385529,600.610046,28
368,356.250854,625.765076,27
368,105.016029,312.533447,26
368,741.072205,533.591492,24
368,656.355225,292.493103,23
368,704.727478,296.143097,22
368,164.416687,261.684479,21
368,472.48645,157.823303,20
368,265.188019,309.416138,18
368,421.17984,351.147095,17
368,752.222717,229.855652,16
368,776.391724,473.060028,15
368,665.039673,533.244507,14
368,544.801697,540.252136,12
368,608.974609,289.018127,11
368,613.620422,441.472198,10
368,368.217499,520.494507,9
368,193.083908,244.479858,8
368,180.497635,523.930725,7
368,500.00531,258.285736,6
368,796.747681,357.616333,4
368,244.557434,248.37381,3
368,635.855713,426.159912,1
369,845.027466,605.473206,44
369,776.846924,616.277344,43
369,937.030823,252.230484,42
369,800.468201,505.114288,41
369,424.1185,480.719086,39
369,746.349609,22.009167,38
369,80.702179,384.330017,37
369,572.365112,180.581329,36
369,176.196716,273.773346,35
369,753.279724,41.528976,34
369,308.871918,488.080597,33
369,176.889969,181.642899,32
369,377.713074,361.639984,31
369,560.15387,113.730171,30
369,312.869537,609.477722,29
369,152.789505,616.303711,28
369,335.658569,610.172852,27
369,105.381195,337.03598,26
369,760.711121,544.666504,24
369,661.685303,269.320526,23
369,688.792358,280.196564,22
369,145.063034,236.291626,21
369,496.964569,156.486984,20
369,291.903351,306.053375,18
369,399.236938,364.784485,17
369,776.283691,228.797058,16
369,768.950256,492.355713,15
369,689.169861,532.198242,14
369,568.525635,536.297791,12
369,632.851624,288.320953,11
369,640.487488,445.843445,10
369,385.167206,508.558594,9
369,200.187561,224.37355,8
369,200.197876,537.346863,7
369,512.496582,240.272522,6
369,816.514221,341.848663,4
369,240.172485,272.712769,3
369,608.249695,418.223663,1
370,844.28479,582.085938,44
370,760.432007,600.558289,43
370,916.558228,252.153519,42
370,800.369812,528.503357,41
370,396.884308,478.589722,39
370,752.876953,17.355743,38
370,80.050713,413.074554,37
370,548.847595,180.57869,36
370,189.39743,288.885681,35
370,744.749146,41.085323,34
370,304.160858,509.44104,33
370,164.71698,196.5439,32
370,360.671722,352.344757,31
370,536.164856,114.431099,30
370,305.126526,625.352539,29
370,153.861542,624.600098,28
370,321.025421,596.913025,27
370,113.142441,364.070129,26
370,760.367493,566.451843,24
370,676.822876,248.266998,23
370,128.274536,229.064545,21
370,516.680054,156.024414,20
370,312.660339,305.899536,18
370,373.386047,380.146484,17
370,793.652039,225.973816,16
370,745.27832,493.305817,15
370,712.43042,528.291748,14
370,592.170166,533.846863,12
370,656.974365,288.164612,11
370,657.136719,457.234344,10
370,411.448273,500.571869,9
370,205.175751,204.784332,8
370,213.340042,545.713867,7
370,528.610474,224.150772,6
370,832.489746,325.424622,4
370,232.884506,293.457855,3
370,584.867371,413.181152,1
371,89.476036,620.199463,45
371,844.004761,558.384399,44
371,748.278442,574.556396,43
371,893.094727,253.242859,42
371,800.092102,553.029846,41
371,373.249084,485.608917,39
371,72.094223,436.235382,37
371,529.251404,188.34256,36
371,204.817169,305.801086,35
371,736.680054,68.813293,34
371,300.783966,536.21405,33
371,155.830734,222.300278,32
371,336.852478,345.048096,31
371,512.501709,116.289955,30
371,305.235382,588.06604,27
371,112.66674,384.717041,26
371,763.258423,596.430603,24
371,684.655945,228.062485,23
371,652.664734,260.555725,22
371,108.851044,216.723618,21
371,545.000305,153.184082,20
371,337.430969,302.009888,18
371,352.272278,385.009827,17
371,820.872314,225.132797,16
371,737.075195,528.212891,15
371,721.162842,500.459198,14
371,613.422791,533.928711,12
371,681.047058,296.138794,11
371,673.120605,472.69339,10
371,432.377869,486.126709,9
371,209.21489,173.938019,8
371,236.634811,561.333862,7
371,549.116516,221.14621,6
371,849.659302,311.982697,4
371,232.718323,320.703125,3
371,564.660583,408.31488,1
372,872.61084,608.246399,46
372,93.561829,592.434326,45
372,844.297363,537.469971,44
372,732.886536,560.044983,43
372,872.546265,264.15918,42
372,800.200806,576.323792,41
372,352.52478,488.855194,39
372,72.20829,456.805573,37
372,508.810303,200.569336,36
372,225.202911,322.334778,35
372,732.380249,92.060692,34
372,300.190674,559.045654,33
372,144.327164,244.128311,32
372,322.021515,328.083282,31
372,488.460968,117.109566,30
372,161.276825,617.123352,28
372,289.380707,576.393127,27
372,121.31321,421.257965,26
372,760.857056,620.363281,24
372,696.543884,204.26973,23
372,628.699341,257.738312,22
372,88.294212,204.612732,21
372,568.349915,152.455612,20
372,361.424927,300.453644,18
372,329.029419,396.210297,17
372,846.182251,225.857529,16
372,702.790344,505.03775,15
372,745.28241,501.974915,14
372,640.485413,532.344238,12
372,697.116577,305.214691,11
372,689.227905,487.208344,10
372,452.560089,476.682434,9
372,220.510757,157.813507,8
372,256.873505,576.709167,7
372,576.391479,220.354843,6
372,872.721069,309.285034,4
372,221.649582,348.32724,3
372,540.583008,400.865692,1
373,121.500336,431.147644,48
373,957.298218,152.169601,47
373,855.886719,589.231323,46
373,96.597008,568.89325,45
373,844.544617,510.070801,44
373,716.793152,540.718811,43
373,856.192932,280.647949,42
373,800.226379,601.224854,41
373,328.673401,493.48468,39
373,68.694717,484.429504,37
373,491.757202,214.074463,36
373,241.54538,341.16861,35
373,728.153381,113.210564,34
373,296.214691,584.726013,33
373,132.432968,265.034637,32
373,305.395264,308.671753,31
373,464.416046,117.799736,30
373,244.472488,625.765625,29
373,164.437012,593.397949,28
373,269.487579,549.627319,27
373,708.439941,184.300323,23
373,604.907654,259.95871,22
373,64.927101,188.215439,21
373,592.548767,149.826965,20
373,385.077332,300.516296,18
373,312.440552,408.03595,17
373,869.388672,224.266144,16
373,669.564331,504.401031,15
373,752.781372,480.478577,14
373,660.424072,532.832092,12
373,717.162964,321.803223,11
373,713.741089,504.392181,10
373,473.159882,468.199615,9
373,244.952209,160.072525,8
373,273.920288,584.774963,7
373,600.522156,216.748672,6
373,896.657166,305.338531,4
373,213.305283,364.950562,3
373,516.650513,393.369324,1
374,124.216782,456.349091,48
374,936.775574,144.866028,47
374,839.97467,569.018555,46
374,97.137108,544.41449,45
374,844.758301,488.187958,44
374,836.257507,293.108398,42
374,800.626892,625.735413,41
374,304.324707,496.299957,39
374,73.483986,508.009918,37
374,469.539825,228.182663,36
374,257.205994,360.078156,35
374,717.119019,136.901138,34
374,120.663826,285.903046,32
374,292.257599,289.833038,31
374,440.599548,120.700218,30
374,257.350677,624.271057,29
374,168.389252,572.207947,28
374,249.185944,540.888062,27
374,712.851868,164.367172,23
374,580.80365,256.270996,22
374,45.038338,173.222244,21
374,616.394653,149.183899,20
374,408.560547,298.20993,18
374,288.558044,416.184479,17
374,889.410156,220.75885,16
374,648.611145,509.116364,15
374,760.199646,457.763977,14
374,688.190308,529.118225,12
374,736.87146,336.151855,11
374,732.970886,521.328003,10
374,496.360901,456.519318,9
374,269.005676,156.340286,8
374,293.25061,600.316101,7
374,624.035461,218.068527,6
374,917.195923,300.962555,4
374,209.362732,389.321136,3
374,493.157623,385.592834,1
375,124.968216,476.517487,48
375,909.230835,145.049149,47
375,824.190002,549.541077,46
375,88.859192,524.427551,45
375,844.950134,464.122925,44
375,681.276672,512.048767,43
375,812.804321,304.940338,42
375,280.445984,500.3284,39
375,449.275848,240.58374,36
375,273.273315,375.950836,35
375,713.038086,164.407532,34
375,300.1297,624.657654,33
375,109.19558,308.178375,32
375,273.029541,273.576965,31
375,416.61734,121.670906,30
375,277.696075,613.175232,29
375,228.172806,525.805542,27
375,172.519653,544.523926,26
375,720.270935,138.143936,23
375,556.953491,256.88736,22
375,29.522982,177.177811,21
375,640.453979,145.842209,20
375,433.276398,296.677246,18
375,272.952545,432.506744,17
375,913.802795,221.682892,16
375,624.940491,512.098999,15
375,768.358032,436.259705,14
375,708.701233,536.460754,12
375,756.392822,348.565979,11
375,752.068665,536.933716,10
375,520.44696,448.595306,9
375,292.811768,156.041718,8
375,368.584869,626.147949,7
375,648.387329,216.37236,6
375,940.082214,300.883179,4
375,204.644684,412.248322,3
375,469.489227,380.158386,1
376,756.98291,36.828678,49
376,143.864532,489.722046,48
376,888.752808,144.800858,47
376,808.929932,533.22345,46
376,92.963547,500.815765,45
376,845.091003,438.136597,44
376,660.738831,512.1474,43
376,796.080139,317.7995,42
376,256.730377,504.139038,39
376,80.606216,552.653748,37
376,436.418823,257.243805,36
376,296.97876,384.403412,35
376,708.661438,184.346924,34
376,300.572052,613.015808,33
376,97.549522,328.3284,32
376,260.721375,256.271057,31
376,392.711884,121.806541,30
376,237.782608,628.736511,29
376,209.003021,513.378174,27
376,172.29097,524.622131,26
376,721.339905,116.090919,23
376,533.366028,256.266083,22
376,12.62014,116.288292,21
376,664.275879,145.179382,20
376,457.13147,296.094574,18
376,264.453552,453.163055,17
376,936.483032,224.653931,16
376,601.207581,516.577942,15
376,776.74408,413.224762,14
376,727.968628,545.762085,12
376,776.474426,361.82373,11
376,768.497375,552.250122,10
376,539.915833,437.000488,9
376,316.993622,153.378937,8
376,373.34256,600.174011,7
376,672.450867,216.357635,6
376,965.002869,300.243317,4
376,199.965454,433.346649,3
376,448.735901,373.536804,1
377,756.079224,60.34119,49
377,153.661606,512.950928,48
377,864.703247,141.618805,47
377,792.434204,513.922363,46
377,96.915215,476.248718,45
377,844.633789,416.529785,44
377,636.212463,505.762695,43
377,773.130432,332.188141,42
377,232.382309,509.22052,39
377,65.840027,584.758362,37
377,420.569275,277.07547,36
377,320.761505,389.505951,35
377,704.373901,206.392593,34
377,324.842102,605.39679,33
377,88.308365,349.46759,32
377,240.790771,237.447296,31
377,368.861328,124.322296,30
377,244.635483,604.219727,29
377,200.498611,505.036499,28
377,176.045013,494.195404,27
377,729.118408,93.326294,23
377,509.060272,253.87619,22
377,32.989494,116.458649,21
377,688.536133,144.430084,20
377,481.211914,293.472321,18
377,248.885086,476.263,17
377,956.578369,225.493362,16
377,579.965881,518.26416,15
377,782.373718,397.049683,14
377,747.9823,556.300415,12
377,799.703247,377.697083,11
377,785.374878,568.067322,10
377,560.466064,425.975616,9
377,336.624908,149.761932,8
377,376.206268,580.873413,7
377,989.00885,296.747986,4
377,192.81488,457.634491,3
377,424.958618,365.305023,1
378,61.217533,120.608078,50
378,745.782715,54.336491,49
378,178.030853,528.414246,48
378,841.691589,144.332687,47
378,780.029236,497.327179,46
378,104.239342,448.513947,45
378,848.337036,392.279541,44
378,612.439758,504.490814,43
378,753.17511,348.168854,42
378,225.70134,532.766418,39
378,68.436584,608.437195,37
378,408.624695,296.173035,36
378,341.499054,396.059937,35
378,696.908203,232.416718,34
378,348.157837,605.084412,33
378,88.909233,372.242737,32
378,225.349884,220.401871,31
378,341.345886,124.554726,30
378,252.718369,577.260986,29
378,199.10257,473.36499,28
378,174.657639,480.939911,27
378,734.268433,72.660194,23
378,484.050262,253.822525,22
378,712.641663,141.418625,20
378,504.746368,293.099945,18
378,240.130157,493.41571,17
378,981.363037,228.254608,16
378,553.677307,521.97937,15
378,804.908081,372.930023,14
378,768.857605,570.17981,12
378,813.187317,393.447815,11
378,800.327026,584.501038,10
378,580.94458,416.13443,9
378,364.112244,149.479568,8
378,376.317535,556.162842,7
378,717.460938,209.275558,6
378,196.536346,505.337646,3
378,401.619659,359.943695,1
379,80.882538,116.581009,50
379,718.413147,68.581902,49
379,196.528091,548.973938,48
379,820.476318,142.085403,47
379,756.193542,489.897247,46
379,96.564758,429.045929,45
379,844.30957,369.046356,44
379,585.472351,501.033478,43
379,740.769897,360.687622,42
379,225.632324,551.91156,39
379,73.564423,624.595886,37
379,393.236755,316.66217,36
379,364.829346,403.994781,35
379,680.9422,244.300034,34
379,373.302979,606.740845,33
379,84.761833,396.249054,32
379,208.593658,201.942627,31
379,320.431244,126.024071,30
379,264.598236,560.721619,29
379,198.431091,453.056152,28
379,178.172424,456.891357,27
379,740.578796,45.453602,23
379,460.344086,254.339493,22
379,737.152283,140.38382,20
379,529.256348,288.971527,18
379,225.413391,516.356628,17
379,529.168457,524.141968,15
379,816.207825,353.797272,14
379,773.394958,588.999268,12
379,812.527466,413.613037,11
379,800.673157,604.943237,10
379,604.155762,405.758118,9
379,388.933411,148.555237,8
379,377.465546,532.033813,7
379,745.240295,212.23204,6
379,184.671173,509.084534,3
379,384.358368,352.932312,1
380,795.591736,637.928406,53
380,352.256104,608.687439,52
380,717.584961,33.823578,51
380,97.34906,128.918472,50
380,689.457031,65.24601,49
380,224.68602,576.962952,48
380,801.591064,144.724869,47
380,732.371399,483.813293,46
380,101.321808,406.859772,45
380,840.241089,339.565765,44
380,560.961975,498.014282,43
380,737.231079,385.561401,42
380,213.544693,556.892639,39
380,74.21093,633.313293,37
380,379.116394,340.24942,36
380,392.530273,408.658356,35
380,657.141602,253.743652,34
380,397.161804,600.042725,33
380,86.221779,420.651947,32
380,196.09256,185.649277,31
380,296.346344,128.405304,30
380,288.455231,552.28595,29
380,198.634888,428.479095,28
380,177.988602,426.784607,27
380,752.996643,20.838039,23
380,436.688416,253.036179,22
380,758.210144,140.320251,20
380,552.849854,288.233398,18
380,209.117218,530.211365,17
380,505.470123,527.977844,15
380,817.746155,349.269409,14
380,773.220581,617.642273,12
380,813.078064,437.038422,11
380,808.436096,613.757141,10
380,625.169067,396.211212,9
380,412.975555,146.094009,8
380,379.873413,506.108978,7
380,768.848511,208.208298,6
380,358.380951,330.337402,1
381,776.745789,638.481567,53
381,335.689972,593.161011,52
381,712.626648,68.763611,51
381,113.158432,144.705475,50
381,668.715698,65.508621,49
381,224.377991,604.220032,48
381,709.15332,476.307098,46
381,104.598434,384.204987,45
381,852.402771,324.20932,44
381,537.534241,496.079742,43
381,732.511353,409.032349,42
381,236.623352,561.655457,39
381,364.988129,356.140564,36
381,412.795349,416.225372,35
381,636.933533,264.279877,34
381,420.476624,596.738647,33
381,84.973793,448.16272,32
381,177.01445,168.661865,31
381,272.321747,129.972687,30
381,308.737671,544.309448,29
381,185.25589,406.046051,28
381,756.120483,16.836897,23
381,412.669586,253.242661,22
381,793.66449,144.005905,20
381,577.174438,285.866486,18
381,205.387558,556.125916,17
381,484.222626,529.902588,15
381,809.092224,333.081482,14
381,792.136658,593.542908,12
381,812.785461,461.129089,11
381,648.7547,384.60144,9
381,437.241821,144.999847,8
381,381.318481,484.134613,7
381,792.571838,208.323166,6
381,172.491989,561.365906,3
381,351.857941,314.231293,1
382,313.494781,576.157043,52
382,705.50946,92.118523,51
382,129.480972,160.361465,50
382,644.952026,68.690407,49
382,228.641876,616.355591,48
382,748.602966,140.109863,47
382,688.763306,472.130066,46
382,112.500198,357.58725,45
382,868.506226,306.042725,44
382,516.129761,493.343994,43
382,728.501831,432.260925,42
382,257.045746,572.97821,39
382,352.224731,373.914185,36
382,432.839325,422.222443,35
382,615.914429,271.23056,34
382,444.401031,596.958557,33
382,84.852798,468.192413,32
382,164.523361,149.149979,31
382,248.597183,132.327301,30
382,329.201294,532.245605,29
382,193.085556,397.137329,28
382,182.465591,377.939697,27
382,761.874451,28.672068,23
382,389.116821,252.112503,22
382,789.099243,113.375488,20
382,597.505432,288.587952,18
382,204.59584,580.875793,17
382,457.149048,533.690186,15
382,792.820984,313.692413,14
382,776.495544,576.311523,12
382,816.153137,485.611511,11
382,672.710266,376.304718,9
382,460.81604,144.849182,8
382,393.015106,463.999481,7
382,816.122986,205.898972,6
382,164.004105,573.36615,3
382,333.176056,297.601471,1
383,300.538177,560.838684,52
383,704.208191,113.913666,51
383,144.7995,180.290894,50
383,620.62561,68.328949,49
383,236.489822,638.599854,48
383,724.903809,140.129715,47
383,664.340881,461.086029,46
383,116.80114,336.221039,45
383,884.641785,292.109314,44
383,492.055298,489.940033,43
383,724.379578,456.901672,42
383,273.119568,588.556396,39
383,336.05481,393.222565,36
383,460.679626,432.229218,35
383,592.269958,284.470154,34
383,468.460724,593.122253,33
383,84.481148,492.791718,32
383,144.486618,133.704742,31
383,224.406616,133.110992,30
383,352.266876,524.174988,29
383,195.354599,353.885132,28
383,178.471222,365.11676,27
383,365.262207,252.164749,22
383,788.069458,93.351799,20
383,628.23999,281.17395,18
383,200.675858,612.335388,17
383,436.50943,536.295471,15
383,776.711853,296.740631,14
383,760.791199,557.542969,12
383,816.048279,509.041565,11
383,692.078674,364.237976,9
383,484.616455,141.499939,8
383,404.420227,441.536713,7
383,839.980164,204.994354,6
383,160.772354,600.528198,3
383,316.993805,280.167206,1
384,281.289368,548.258911,52
384,698.492859,134.952209,51
384,163.933289,196.212189,50
384,595.917542,70.144585,49
384,236.632599,628.411865,48
384,640.643738,456.172058,46
384,124.69989,312.811768,45
384,904.277954,284.889801,44
384,465.432434,487.887329,43
384,720.439087,480.194611,42
384,280.856384,612.536255,39
384,329.066895,413.082092,36
384,480.738159,436.175598,35
384,569.274109,292.822357,34
384,492.471069,592.471313,33
384,84.454277,516.531677,32
384,204.456985,136.551331,30
384,372.593018,512.746033,29
384,199.686325,336.443848,28
384,173.214172,330.809143,27
384,340.905853,249.402527,22
384,789.038391,68.153969,20
384,648.380676,284.398987,18
384,412.77597,540.209106,15
384,761.374084,277.514343,14
384,748.592163,539.934875,12
384,816.173462,532.715149,11
384,700.852112,344.18512,9
384,508.464966,139.991776,8
384,416.422485,421.216431,7
384,861.137451,204.151398,6
384,156.220093,617.549683,3
384,301.276031,261.280731,1
385,260.120422,532.239807,52
385,696.354309,164.240341,51
385,181.033127,216.014236,50
385,568.796631,73.215828,49
385,235.980362,605.949341,48
385,676.117798,132.809677,47
385,616.234497,449.34433,46
385,129.306168,289.794312,45
385,928.449097,285.380035,44
385,444.407959,484.61554,43
385,697.30957,485.483337,42
385,284.98111,629.131287,39
385,324.755829,437.051483,36
385,504.985901,444.175476,35
385,548.723389,304.326935,34
385,516.614441,592.571045,33
385,84.087357,540.768066,32
385,96.797195,132.980026,31
385,192.567886,157.767532,30
385,396.088013,501.608978,29
385,200.042969,308.632812,28
385,173.51088,308.681641,27
385,320.610779,252.203766,22
385,788.904541,44.766434,20
385,664.941162,297.568878,18
385,388.343353,545.840515,15
385,745.414856,260.264343,14
385,732.376953,520.41687,12
385,816.453735,557.001831,11
385,712.187683,320.773041,9
385,532.684021,136.992142,8
385,425.772034,400.012207,7
385,884.523682,204.396027,6
385,284.50293,244.200821,1
386,32.589695,136.700058,54
386,240.842957,520.278564,52
386,688.42926,185.450623,51
386,200.685028,232.88063,50
386,545.608704,73.270294,49
386,236.021179,581.003723,48
386,656.209229,133.566422,47
386,593.660828,441.915283,46
386,137.267715,268.19931,45
386,952.483276,280.443756,44
386,421.032043,475.627991,43
386,672.870972,489.299835,42
386,364.415283,638.496033,39
386,320.670654,464.117889,36
386,527.885986,450.21637,35
386,528.319397,312.948242,34
386,540.277649,585.467712,33
386,80.865715,568.65863,32
386,73.352554,132.222336,31
386,180.575485,176.430878,30
386,414.660767,497.153961,29
386,199.781448,284.834747,28
386,173.685196,288.114014,27
386,293.079346,252.115677,22
386,787.764465,21.463375,20
386,684.914185,312.452881,18
386,361.796906,545.552185,15
386,732.667297,241.587509,14
386,716.655579,502.141876,12
386,816.084595,580.764648,11
386,720.70697,298.290283,9
386,556.084473,137.440933,8
386,439.981537,377.664368,7
386,908.226135,204.603958,6
386,269.052673,224.371521,1
387,856.870667,600.676453,56
387,49.845566,224.218445,55
387,58.282089,145.126266,54
387,220.232513,509.091339,52
387,680.836304,208.190125,51
387,216.521301,250.031296,50
387,521.085327,73.655663,49
387,240.018188,561.026855,48
387,628.175415,132.778488,47
387,572.654846,434.29245,46
387,144.315475,237.843689,45
387,972.419739,276.690735,44
387,393.302673,480.221344,43
387,649.335022,492.06369,42
387,365.174408,612.139404,39
387,316.77594,485.067322,36
387,545.787842,460.089417,35
387,504.727539,324.270996,34
387,564.03009,582.390442,33
387,84.699776,592.298096,32
387,46.133533,126.283096,31
387,168.469208,197.566376,30
387,439.980408,480.890442,29
387,201.061462,264.577545,28
387,170.121048,264.188385,27
387,269.444031,252.047119,22
387,708.098938,326.173187,18
387,344.531219,552.197815,15
387,716.826965,224.443314,14
387,696.087463,500.355774,12
387,816.182312,605.724304,11
387,732.05072,277.30661,9
387,577.666809,136.045822,8
387,448.550293,356.791565,7
387,929.216064,208.73558,6
387,252.897247,208.257111,1
388,949.399048,220.309601,57
388,857.273254,576.63092,56
388,73.53759,232.38942,55
388,80.367371,141.044678,54
388,204.942139,496.624023,52
388,676.349854,233.152802,51
388,232.721344,272.69574,50
388,497.057495,76.276436,49
388,260.434998,561.368347,48
388,548.949707,428.042297,46
388,153.652283,217.804199,45
388,993.172913,277.189819,44
388,376.255127,480.362762,43
388,625.013428,496.239838,42
388,369.052582,585.664062,39
388,311.880005,506.124237,36
388,572.66864,465.439758,35
388,488.57663,332.485077,34
388,588.322266,580.861023,33
388,85.519989,612.796265,32
388,25.379305,125.05558,31
388,457.684052,472.003998,29
388,204.926743,244.337097,28
388,157.334885,248.808243,27
388,244.647781,245.190033,22
388,725.230469,340.205688,18
388,316.811096,552.787292,15
388,700.488342,204.692352,14
388,672.722778,500.245087,12
388,816.758911,629.367126,11
388,744.643433,256.235138,9
388,598.549744,131.003311,8
388,454.196747,337.545929,7
388,236.745193,189.00563,1
389,928.452393,241.146774,57
389,856.915833,552.355896,56
389,101.40136,244.88707,55
389,89.724869,149.347992,54
389,204.604309,472.362823,52
389,672.526306,256.456482,51
389,249.097855,284.049347,50
389,473.16748,77.389641,49
389,584.45929,145.047058,47
389,528.624695,420.864746,46
389,160.77272,197.069534,45
389,363.989563,500.75174,43
389,599.924622,500.40976,42
389,373.110931,567.9505,39
389,305.670319,532.612793,36
389,593.86969,468.169922,35
389,457.12439,348.315002,34
389,612.237854,577.526978,33
389,92.533813,629.015015,32
389,8.617291,132.798859,31
389,138.223312,234.603729,30
389,480.64505,461.891785,29
389,229.835876,239.461868,28
389,152.279388,248.906769,27
389,228.770782,260.522125,22
389,745.639832,353.0849,18
389,288.804504,560.240234,15
389,680.266968,200.74675,14
389,648.203064,496.76062,12
389,752.627258,233.118286,9
389,628.857666,132.167755,8
389,472.698975,314.736023,7
389,969.532654,209.014236,6
389,221.079224,172.270676,1
390,944.794006,208.8246,58
390,904.483337,245.527939,57
390,856.982971,528.453247,56
390,109.003075,228.975067,55
390,108.465797,165.161774,54
390,200.48732,448.214722,52
390,664.738342,278.13443,51
390,265.142731,300.621307,50
390,449.066864,80.232941,49
390,225.21109,637.428406,48
390,568.494202,160.3918,47
390,500.394806,413.410492,46
390,168.317657,177.054703,45
390,349.179474,520.424561,43
390,576.856812,501.694763,42
390,400.168793,564.419006,39
390,308.775726,556.290222,36
390,617.925049,474.609802,35
390,440.792908,354.187317,34
390,636.63562,576.409973,33
390,131.44191,260.689636,30
390,504.851257,452.458435,29
390,256.948517,240.396713,28
390,221.024689,284.033264,22
390,764.895691,366.060944,18
390,268.748444,560.728271,15
390,656.284058,200.507599,14
390,624.129517,497.426086,12
390,764.695068,213.237244,9
390,649.543274,129.529678,8
390,487.922424,298.110443,7
390,205.322723,156.257797,1
391,924.510437,209.002167,58
391,884.749268,248.254242,57
391,856.559692,504.727386,56
391,129.320496,262.009247,55
391,89.74453,192.359116,54
391,200.137451,424.698608,52
391,656.384766,296.82843,51
391,280.321655,317.986603,50
391,425.440918,77.540237,49
391,232.406708,612.662537,48
391,545.207703,172.426697,47
391,480.798187,408.313141,46
391,189.257568,172.824936,45
391,334.086426,542.218201,43
391,560.919983,508.700073,42
391,423.948303,561.701904,39
391,297.030426,577.501221,36
391,644.193359,484.060822,35
391,417.24585,365.91571,34
391,656.875793,576.606079,33
391,120.954842,288.844055,30
391,525.128113,441.72876,29
391,280.799011,240.839981,28
391,129.329132,192.301193,27
391,216.813095,305.40094,22
391,785.044983,380.105164,18
391,265.406067,584.800232,15
391,628.927856,197.688797,14
391,596.194702,489.591309,12
391,768.583679,192.267624,9
391,676.949341,128.146973,8
391,504.264099,278.165955,7
391,189.305588,140.346039,1
392,360.959991,548.966431,60
392,384.495911,600.281921,59
392,901.173096,208.259415,58
392,864.429382,260.302368,57
392,857.437378,480.268555,56
392,128.663818,286.195862,55
392,76.164734,193.795944,54
392,193.615524,400.050964,52
392,632.152466,306.238739,51
392,304.776733,324.523285,50
392,400.65979,81.281105,49
392,268.235382,609.689026,48
392,524.931458,188.077957,47
392,456.62323,401.358704,46
392,212.703415,168.803894,45
392,324.255463,561.284912,43
392,529.256165,508.38385,42
392,448.528259,560.28064,39
392,297.161377,604.464905,36
392,665.096191,489.321411,35
392,393.585144,376.109253,34
392,684.438599,571.982056,33
392,108.25489,305.171753,30
392,548.153687,428.933044,29
392,308.071411,236.822037,28
392,144.501251,208.988495,27
392,212.102768,329.619812,22
392,789.231201,400.093262,18
392,233.473267,592.572144,15
392,604.603699,197.208542,14
392,572.546631,486.071594,12
392,776.227661,168.53656,9
392,700.761536,125.45723,8
392,516.658875,258.005371,7
392,164.248505,137.74205,1
393,760.462585,3.952386,61
393,384.060059,545.249695,60
393,377.719177,583.871704,59
393,876.498779,205.267426,58
393,844.588501,272.4245,57
393,856.685242,456.579895,56
393,129.051239,308.645111,55
393,56.455055,185.205765,54
393,192.419144,380.181274,52
393,609.344727,316.095245,51
393,324.839417,332.016266,50
393,376.939758,80.855225,49
393,266.053162,633.129639,48
393,508.827454,200.746185,47
393,433.358124,397.562592,46
393,236.038147,165.597626,45
393,321.104614,584.148499,43
393,509.31604,512.023315,42
393,472.702667,560.09198,39
393,296.304077,625.240295,36
393,684.296204,500.134247,35
393,376.278168,385.094391,34
393,705.186279,569.513184,33
393,152.901123,616.495544,32
393,100.900085,328.289307,30
393,568.434509,421.482635,29
393,328.907532,236.229919,28
393,160.709991,224.231674,27
393,208.783417,352.205078,22
393,792.460266,424.30426,18
393,199.537827,597.328613,15
393,580.940674,196.063034,14
393,548.576843,484.745453,12
393,780.926025,144.391464,9
393,723.982361,125.933975,8
393,536.828308,252.286362,7
393,140.938293,136.622391,1
394,755.753296,68.61911,63
394,249.461533,545.320007,62
394,757.200562,28.052389,61
394,408.99707,544.154175,60
394,384.042999,560.967346,59
394,852.989075,205.882904,58
394,821.184509,284.212524,57
394,857.341614,432.171448,56
394,133.155396,332.324829,55
394,32.977417,177.37677,54
394,192.692764,349.933777,52
394,587.957153,325.284119,51
394,348.407715,337.034882,50
394,352.980896,81.452904,49
394,492.760437,219.960541,47
394,411.941437,388.885773,46
394,260.382507,164.193161,45
394,320.391541,608.437744,43
394,481.397339,516.233643,42
394,492.798004,557.718323,39
394,701.160278,513.419434,35
394,352.666016,396.388214,34
394,720.904846,556.59021,33
394,153.192078,593.76355,32
394,89.361244,352.258789,30
394,591.968811,410.141815,29
394,352.390015,233.623764,28
394,176.857239,244.476532,27
394,199.901093,377.407745,22
394,792.325867,448.330078,18
394,557.475952,196.206131,14
394,524.860352,480.67157,12
394,788.436035,125.328384,9
394,748.687378,124.033257,8
394,560.479614,248.766907,7
394,117.199333,133.331009,1
395,744.55011,93.725159,63
395,257.019409,524.161926,62
395,764.788574,48.290314,61
395,429.607269,541.755066,60
395,384.369202,536.496887,59
395,825.19458,204.033356,58
395,804.619629,298.006165,57
395,856.669006,408.254181,56
395,136.663147,356.201996,55
395,12.570382,180.714691,54
395,188.58078,328.539764,52
395,565.800964,336.39386,51
395,372.117188,342.338226,50
395,328.990845,84.777641,49
395,480.347443,238.165878,47
395,388.107574,382.042633,46
395,284.664368,160.768692,45
395,312.991272,629.185181,43
395,460.657745,517.742371,42
395,517.111755,556.206726,39
395,714.302856,529.950134,35
395,329.251465,405.003479,34
395,734.571594,535.671936,33
395,80.842056,365.468018,30
395,612.491638,401.230743,29
395,376.89859,232.124069,28
395,195.937546,261.078918,27
395,195.880753,401.58075,22
395,792.345764,469.662842,18
395,156.064392,569.751099,15
395,533.03949,193.762589,14
395,504.004181,477.694366,12
395,792.873535,97.741432,9
395,769.361084,124.021362,8
395,584.24054,249.113281,7
395,93.197441,132.62587,1
396,740.47876,118.003677,63
396,280.813873,516.646912,62
396,756.434204,60.124134,61
396,456.462189,544.422852,60
396,385.158295,512.105225,59
396,808.682129,204.660248,58
396,784.502441,312.246399,57
396,857.118408,384.293091,56
396,139.899109,380.308563,55
396,184.498474,305.34848,52
396,545.005615,348.285126,51
396,395.894073,349.729645,50
396,305.075989,85.529449,49
396,468.058868,257.595032,47
396,368.800018,376.060455,46
396,308.880981,160.396652,45
396,436.16214,521.299622,42
396,541.254517,556.180481,39
396,737.190857,547.900635,35
396,312.356506,416.235229,34
396,736.546936,509.15976,33
396,157.645493,581.157043,32
396,76.787437,392.842163,30
396,632.806946,392.093903,29
396,400.928802,230.054443,28
396,212.030899,277.806519,27
396,188.043259,422.299103,22
396,792.756104,496.518768,18
396,106.04274,608.79248,15
396,509.022369,192.108383,14
396,479.985779,473.962555,12
396,800.373657,76.476181,9
396,808.236145,121.071526,8
396,608.478333,248.975113,7
396,64.723305,121.392296,1
397,733.193176,140.296631,63
397,300.483246,504.831177,62
397,728.810425,61.898853,61
397,476.606567,537.885437,60
397,385.729401,484.63678,59
397,780.893188,201.685715,58
397,763.99585,324.881927,57
397,852.541748,364.825775,56
397,141.01416,405.051056,55
397,181.276138,279.976349,52
397,521.237305,357.666656,51
397,417.507599,356.693024,50
397,280.626526,88.29422,49
397,339.641937,638.683777,48
397,449.475342,277.108063,47
397,352.888763,357.153381,46
397,332.398834,157.309494,45
397,413.104248,528.089111,42
397,568.326477,549.692993,39
397,760.698975,564.28418,35
397,293.566101,436.124664,34
397,744.970215,485.940613,33
397,160.733261,524.620728,32
397,80.583931,416.278687,30
397,655.916443,377.963043,29
397,424.914642,228.516708,28
397,228.430603,297.076477,27
397,184.47731,445.740356,22
397,792.75946,520.190063,18
397,92.435005,624.476746,15
397,485.282562,189.980057,14
397,456.262421,472.279236,12
397,805.259216,53.412491,9
397,809.261841,109.737732,8
397,632.760376,246.116257,7
397,45.255657,128.78653,1
398,836.162048,622.165222,64
398,728.674011,164.955078,63
398,321.73999,496.017609,62
398,705.09259,68.420593,61
398,504.29303,534.0401,60
398,393.575104,465.662262,59
398,760.082092,201.858078,58
398,744.240295,336.974945,57
398,836.748108,345.165314,56
398,145.167374,428.216431,55
398,180.003754,258.164398,52
398,504.55722,365.751099,51
398,440.741302,364.680145,50
398,256.199554,85.591743,49
398,401.185028,621.601318,48
398,440.020569,297.17157,47
398,336.218262,337.555725,46
398,356.407288,157.124725,45
398,336.090302,616.96637,43
398,388.811249,528.303345,42
398,592.019897,548.99646,39
398,776.756287,580.371887,35
398,280.799194,452.581757,34
398,752.826599,464.465515,33
398,164.150269,501.953278,32
398,76.547615,440.677734,30
398,664.665588,357.844818,29
398,448.690765,228.302139,28
398,244.30278,313.617798,27
398,176.59758,468.993622,22
398,793.00708,544.141785,18
398,96.45784,601.436279,15
398,461.000977,188.875275,14
398,432.261963,469.428558,12
398,808.713806,32.366421,9
398,808.751038,88.745895,8
398,656.403259,245.281052,7
398,21.129923,124.863876,1
399,824.668457,601.380615,64
399,716.740723,182.00589,63
399,344.869385,484.400055,62
399,684.861694,64.31456,61
399,524.958557,532.497253,60
399,408.833618,441.7034,59
399,735.911499,204.738678,58
399,728.732361,352.286072,57
399,820.841675,329.345825,56
399,145.528152,453.010712,55
399,25.358576,201.228165,54
399,168.193359,240.738922,52
399,483.370026,380.63092,51
399,457.566528,370.483002,50
399,232.75621,89.616516,49
399,423.944092,314.148834,47
399,320.759766,320.058258,46
399,380.629578,153.91217,45
399,403.912231,596.899292,43
399,368.719238,533.548889,42
399,613.507019,548.214661,39
399,792.260437,593.115723,35
399,268.884644,473.128113,34
399,760.946411,440.94104,33
399,173.729767,482.402771,32
399,80.916351,464.839294,30
399,673.656616,336.009979,29
399,472.557861,224.921249,28
399,259.912476,330.23526,27
399,332.227905,595.985901,22
399,793.02594,566.572021,18
399,92.850342,576.685425,15
399,436.479553,189.117874,14
399,405.479065,472.038147,12
399,812.09137,8.757211,9
399,808.998718,65.40274,8
399,680.8479,244.273697,7
399,8.55994,140.69751,1
